node1,node2,length,startLat,startLon,endLat,endLon,endNodeL,startNodeL,startYear,endYear,treeID
801,1542,0.285786343400002,40.6002101917401,-75.3462190562986,40.5409078553472,-75.473777480686,0.285786343400002,0,1997.66675923449,1997.95254557789,3010000
801,802,0.373899186999999,40.6002101917401,-75.3462190562986,40.8716873573442,-75.8313861671675,0.373899186999999,0,1997.66675923449,1998.04065842149,3010000
802,831,0.2490537991,40.8716873573442,-75.8313861671675,40.4942225785557,-74.8191305776386,0.6229529861,0.373899186999999,1998.04065842149,1998.28971222059,3010000
802,803,0.435089675100002,40.8716873573442,-75.8313861671675,41.093459750975,-78.337526298131,0.808988862100001,0.373899186999999,1998.04065842149,1998.47574809659,3010000
803,1,1.524251903,41.093459750975,-78.337526298131,41.6907,-78.4303,2.3332407651,0.808988862100001,1998.47574809659,1999.99999999959,3010000
803,804,1.523678443,41.093459750975,-78.337526298131,36.3492018990406,-90.3196956939538,2.3326673051,0.808988862100001,1998.47574809659,1999.99942653959,3010000
804,809,0.0167429834299995,36.3492018990406,-90.3196956939538,36.4007474705569,-90.190943825457,2.34941028853,2.3326673051,1999.99942653959,2000.01616952302,3010000
804,805,0.6685735358,36.3492018990406,-90.3196956939538,36.8817039128615,-89.4719855941914,3.0012408409,2.3326673051,1999.99942653959,2000.66800007539,3010000
805,807,0.4112159874,36.8817039128615,-89.4719855941914,37.2648129498349,-88.922961799089,3.4124568283,3.0012408409,2000.66800007539,2001.07921606279,3010000
805,806,0.326127892000001,36.8817039128615,-89.4719855941914,36.8436307159306,-89.4833027653085,3.3273687329,3.0012408409,2000.66800007539,2000.99412796739,3010000
806,2,2.005872032,36.8436307159306,-89.4833027653085,46.2923,-108.3037,5.3332407649,3.3273687329,2000.99412796739,2002.99999999939,3010000
806,3,0.720972032400001,36.8436307159306,-89.4833027653085,34.9207,-80.4257,4.0483407653,3.3273687329,2000.99412796739,2001.71509999979,3010000
807,4,0.657783937,37.2648129498349,-88.922961799089,37.4963,-87.2985,4.0702407653,3.4124568283,2001.07921606279,2001.73699999979,3010000
807,808,0.600006217700001,37.2648129498349,-88.922961799089,37.3996028383427,-88.8519314189907,4.012463046,3.4124568283,2001.07921606279,2001.67922228049,3010000
808,6,0.0577777192800006,37.3996028383427,-88.8519314189907,37.8783,-88.952,4.07024076528,4.012463046,2001.67922228049,2001.73699999977,3010000
808,5,0.0577777192800006,37.3996028383427,-88.8519314189907,40.0854,-95.0213,4.07024076528,4.012463046,2001.67922228049,2001.73699999977,3010000
809,810,0.114730005600002,36.4007474705569,-90.190943825457,36.640533454386,-89.4501362223379,2.46414029413,2.34941028853,2000.01616952302,2000.13089952862,3010000
809,828,0.0559285114900021,36.4007474705569,-90.190943825457,36.3312191007521,-90.4194836618651,2.40533880002,2.34941028853,2000.01616952302,2000.07209803451,3010000
810,811,0.811853746399999,36.640533454386,-89.4501362223379,37.1380881716647,-90.5151010587402,3.27599404053,2.46414029413,2000.13089952862,2000.94275327502,3010000
810,823,0.0726107106799994,36.640533454386,-89.4501362223379,36.455685893981,-89.4214505043966,2.53675100481,2.46414029413,2000.13089952862,2000.2035102393,3010000
811,819,0.0161319686199999,37.1380881716647,-90.5151010587402,37.0417744458276,-90.1547962908603,3.29212600915,3.27599404053,2000.94275327502,2000.95888524364,3010000
811,812,0.07235085656,37.1380881716647,-90.5151010587402,37.1362301662899,-90.5039628215918,3.34834489709,3.27599404053,2000.94275327502,2001.01510413158,3010000
812,813,0.0119011194799992,37.1362301662899,-90.5039628215918,37.063700511705,-90.4973458109982,3.36024601657,3.34834489709,2001.01510413158,2001.02700525106,3010000
812,817,0.0375548087599995,37.1362301662899,-90.5039628215918,37.1259063042583,-90.4901831842391,3.38589970585,3.34834489709,2001.01510413158,2001.05265894034,3010000
813,7,0.803094748700001,37.063700511705,-90.4973458109982,34.5927,-86.2452,4.16334076527,3.36024601657,2001.02700525106,2001.83009999976,3010000
813,814,0.0968976758300002,37.063700511705,-90.4973458109982,37.3836751593976,-91.4955184134283,3.4571436924,3.36024601657,2001.02700525106,2001.12390292689,3010000
814,8,3.285897073,37.3836751593976,-91.4955184134283,41.0895,-104.1597,6.7430407654,3.4571436924,2001.12390292689,2004.40979999989,3010000
814,815,0.7231169326,37.3836751593976,-91.4955184134283,37.1308620636598,-91.7006423224762,4.180260625,3.4571436924,2001.12390292689,2001.84701985949,3010000
815,9,1.15298014,37.1308620636598,-91.7006423224762,31.2347,-95.6336,5.333240765,4.180260625,2001.84701985949,2002.99999999949,3010000
815,816,0.969219750400001,37.1308620636598,-91.7006423224762,36.4986088297708,-92.8606911067784,5.1494803754,4.180260625,2001.84701985949,2002.81623960989,3010000
816,10,0.830360389799999,36.4986088297708,-92.8606911067784,38.9492,-106.0103,5.9798407652,5.1494803754,2002.81623960989,2003.64659999969,3010000
816,11,0.9700603898,36.4986088297708,-92.8606911067784,38.907,-106.3295,6.1195407652,5.1494803754,2002.81623960989,2003.78629999969,3010000
817,818,0.1549541097,37.1259063042583,-90.4901831842391,37.7158123154311,-90.5553223200645,3.54085381555,3.38589970585,2001.05265894034,2001.20761305004,3010000
817,14,0.6980410594,37.1259063042583,-90.4901831842391,35.0793,-86.4139,4.08394076525,3.38589970585,2001.05265894034,2001.75069999974,3010000
818,12,0.792386949700001,37.7158123154311,-90.5553223200645,43.3117,-90.1819,4.33324076525,3.54085381555,2001.20761305004,2001.99999999974,3010000
818,13,0.4937869497,37.7158123154311,-90.5553223200645,38.0028,-90.3268,4.03464076525,3.54085381555,2001.20761305004,2001.70139999974,3010000
819,19,1.041114756,37.0417744458276,-90.1547962908603,39.7386,-92.0073,4.33324076515,3.29212600915,2000.95888524364,2001.99999999964,3010000
819,820,0.030542293189999,37.0417744458276,-90.1547962908603,37.0271991516091,-90.1586818794213,3.32266830234,3.29212600915,2000.95888524364,2000.98942753683,3010000
820,18,0.7667724629,37.0271991516091,-90.1586818794213,39.4011,-107.664,4.08944076524,3.32266830234,2000.98942753683,2001.75619999973,3010000
820,821,0.0085029761440012,37.0271991516091,-90.1586818794213,37.0276146017792,-90.180990297557,3.331171278484,3.32266830234,2000.98942753683,2000.99793051297,3010000
821,15,0.700669486799999,37.0276146017792,-90.180990297557,34.2556,-89.85,4.031840765284,3.331171278484,2000.99793051297,2001.69859999977,3010000
821,822,0.0851241584100002,37.0276146017792,-90.180990297557,36.752837191606,-90.2077762379566,3.416295436894,3.331171278484,2000.99793051297,2001.08305467138,3010000
822,16,0.618345328299998,36.752837191606,-90.2077762379566,36.0359,-91.0186,4.034640765194,3.416295436894,2001.08305467138,2001.70139999968,3010000
822,17,1.558045328,36.752837191606,-90.2077762379566,37.8478,-90.0679,4.974340764894,3.416295436894,2001.08305467138,2002.64109999938,3010000
823,824,0.6064876469,36.455685893981,-89.4214505043966,36.6423841300722,-89.6829923105199,3.14323865171,2.53675100481,2000.2035102393,2000.8099978862,3010000
823,20,0.7964897604,36.455685893981,-89.4214505043966,47.5035,-124.1255,3.33324076521,2.53675100481,2000.2035102393,2000.9999999997,3010000
824,825,0.247572421899999,36.6423841300722,-89.6829923105199,36.6373194616714,-89.7045828061584,3.39081107361,3.14323865171,2000.8099978862,2001.0575703081,3010000
824,21,0.8914021135,36.6423841300722,-89.6829923105199,38.2811,-96.4099,4.03464076521,3.14323865171,2000.8099978862,2001.7013999997,3010000
825,826,0.0123513794400019,36.6373194616714,-89.7045828061584,36.6100429210665,-89.3828071412832,3.40316245305,3.39081107361,2001.0575703081,2001.06992168754,3010000
825,22,0.679429691600001,36.6373194616714,-89.7045828061584,36.7856,-87.8791,4.07024076521,3.39081107361,2001.0575703081,2001.7369999997,3010000
826,23,0.727378312099999,36.6100429210665,-89.3828071412832,35.2159,-88.1565,4.13054076515,3.40316245305,2001.06992168754,2001.79729999964,3010000
826,827,0.184844413999999,36.6100429210665,-89.3828071412832,36.6415035564819,-89.4089123203309,3.58800686705,3.40316245305,2001.06992168754,2001.25476610154,3010000
827,24,0.4794338981,36.6415035564819,-89.4089123203309,31.4003,-96.843,4.06744076515,3.58800686705,2001.25476610154,2001.73419999964,3010000
827,25,0.4794338981,36.6415035564819,-89.4089123203309,31.6269,-96.1774,4.06744076515,3.58800686705,2001.25476610154,2001.73419999964,3010000
828,26,1.927901965,36.3312191007521,-90.4194836618651,36.3959,-91.2074,4.33324076502,2.40533880002,2000.07209803451,2001.99999999951,3010000
828,829,0.663823412699999,36.3312191007521,-90.4194836618651,37.419736640161,-89.8099271292413,3.06916221272,2.40533880002,2000.07209803451,2000.73592144721,3010000
829,27,1.962678553,37.419736640161,-89.8099271292413,43.2383,-74.6231,5.03184076572,3.06916221272,2000.73592144721,2002.69860000021,3010000
829,830,0.300584350899999,37.419736640161,-89.8099271292413,37.5715394881641,-89.9386405314453,3.36974656362,3.06916221272,2000.73592144721,2001.03650579811,3010000
830,29,0.6812942016,37.5715394881641,-89.9386405314453,36.6104,-90.7537,4.05104076522,3.36974656362,2001.03650579811,2001.71779999971,3010000
830,28,0.711394201599999,37.5715394881641,-89.9386405314453,38.2272,-87.4869,4.08114076522,3.36974656362,2001.03650579811,2001.74789999971,3010000
831,741,2.262187779,40.4942225785557,-74.8191305776386,40.9044,-74.043,2.8851407651,0.6229529861,1998.28971222059,2000.55189999959,3010000
831,832,1.628917626,40.4942225785557,-74.8191305776386,41.2571435327756,-74.4737779224446,2.2518706121,0.6229529861,1998.28971222059,1999.91862984659,3010000
832,833,0.102712703000002,41.2571435327756,-74.4737779224446,41.1121333502154,-74.0248313363909,2.3545833151,2.2518706121,1999.91862984659,2000.02134254959,3010000
832,1174,0.0626276437199991,41.2571435327756,-74.4737779224446,42.2377561456669,-74.0348043774037,2.31449825582,2.2518706121,1999.91862984659,1999.98125749031,3010000
833,834,0.367680459399999,41.1121333502154,-74.0248313363909,40.9546356652301,-73.5600474164762,2.7222637745,2.3545833151,2000.02134254959,2000.38902300899,3010000
833,1083,1.060859462,41.1121333502154,-74.0248313363909,40.7798258799559,-75.1164354336194,3.4154427771,2.3545833151,2000.02134254959,2001.08220201159,3010000
834,835,1.422573135,40.9546356652301,-73.5600474164762,41.4206578245103,-73.7733529833807,4.1448369095,2.7222637745,2000.38902300899,2001.81159614399,3010000
834,840,0.163479696700001,40.9546356652301,-73.5600474164762,41.4695994166382,-73.8489702942638,2.8857434712,2.7222637745,2000.38902300899,2000.55250270569,3010000
835,836,1.076805659,41.4206578245103,-73.7733529833807,41.0217806955499,-75.0523483762708,5.2216425685,4.1448369095,2001.81159614399,2002.88840180299,3010000
835,837,3.142570684,41.4206578245103,-73.7733529833807,34.1086568817565,-82.1908411838536,7.2874075935,4.1448369095,2001.81159614399,2004.95416682799,3010000
836,30,1.734598196,41.0217806955499,-75.0523483762708,41.016,-73.9605,6.9562407645,5.2216425685,2002.88840180299,2004.62299999899,3010000
836,31,1.698998196,41.0217806955499,-75.0523483762708,41.0501,-78.1882,6.9206407645,5.2216425685,2002.88840180299,2004.58739999899,3010000
837,32,3.666033172,34.1086568817565,-82.1908411838536,32.593,-87.2408,10.9534407655,7.2874075935,2004.95416682799,2008.62019999999,3010000
837,838,0.536841792700001,34.1086568817565,-82.1908411838536,34.2960532809409,-83.6039884407085,7.8242493862,7.2874075935,2004.95416682799,2005.49100862069,3010000
838,839,0.0642109619999989,34.2960532809409,-83.6039884407085,34.39939610367,-83.5530751854268,7.8884603482,7.8242493862,2005.49100862069,2005.55521958269,3010000
838,33,3.260391379,34.2960532809409,-83.6039884407085,32.7077,-87.6864,11.0846407652,7.8242493862,2005.49100862069,2008.75139999969,3010000
839,35,3.097780417,34.39939610367,-83.5530751854268,34.232,-84.3762,10.9862407652,7.8884603482,2005.55521958269,2008.65299999969,3010000
839,34,1.444780417,34.39939610367,-83.5530751854268,32.8825,-100.0071,9.3332407652,7.8884603482,2005.55521958269,2006.99999999969,3010000
840,841,0.2605540932,41.4695994166382,-73.8489702942638,41.2826091261296,-73.917024646166,3.1462975644,2.8857434712,2000.55250270569,2000.81305679889,3010000
840,886,0.157189795799999,41.4695994166382,-73.8489702942638,41.6703810287376,-73.4283641150365,3.042933267,2.8857434712,2000.55250270569,2000.70969250149,3010000
841,842,0.173697702599998,41.2826091261296,-73.917024646166,41.2827141226841,-74.0795812204275,3.319995267,3.1462975644,2000.81305679889,2000.98675450149,3010000
841,865,0.018992032109999,41.2826091261296,-73.917024646166,41.278665177505,-73.9493613529767,3.16528959651,3.1462975644,2000.81305679889,2000.832048831,3010000
842,857,0.167483547,41.2827141226841,-74.0795812204275,41.3806443072462,-74.1717506166882,3.487478814,3.319995267,2000.98675450149,2001.15423804849,3010000
842,843,0.0510390763500013,41.2827141226841,-74.0795812204275,41.1817555611214,-74.2930905708904,3.37103434335,3.319995267,2000.98675450149,2001.03779357784,3010000
843,844,1.694661648,41.1817555611214,-74.2930905708904,41.0297004552341,-74.0633285261399,5.06569599135,3.37103434335,2001.03779357784,2002.73245522584,3010000
843,855,0.1284366605,41.1817555611214,-74.2930905708904,41.1794447786071,-74.2228014139452,3.49947100385,3.37103434335,2001.03779357784,2001.16623023834,3010000
844,845,1.302173762,41.0297004552341,-74.0633285261399,41.7390070081371,-76.2685157254568,6.36786975335,5.06569599135,2002.73245522584,2004.03462898784,3010000
844,36,1.001744774,41.0297004552341,-74.0633285261399,41.1758,-74.1159,6.06744076535,5.06569599135,2002.73245522584,2003.73419999984,3010000
845,846,1.784304624,41.7390070081371,-76.2685157254568,41.7438039230744,-76.0988176197365,8.15217437735,6.36786975335,2004.03462898784,2005.81893361184,3010000
845,47,0.380671011699999,41.7390070081371,-76.2685157254568,46.8988,-68.5653,6.74854076505,6.36786975335,2004.03462898784,2004.41529999954,3010000
846,847,1.847860177,41.7438039230744,-76.0988176197365,41.5518836669749,-75.8332067082219,10.00003455435,8.15217437735,2005.81893361184,2007.66679378884,3010000
846,854,1.722670075,41.7438039230744,-76.0988176197365,42.0130946060822,-73.7386515332042,9.87484445235,8.15217437735,2005.81893361184,2007.54160368684,3010000
847,44,5.911306211,41.5518836669749,-75.8332067082219,41.8073,-77.147,15.91134076535,10.00003455435,2007.66679378884,2013.57809999984,3010000
847,848,3.495901693,41.5518836669749,-75.8332067082219,41.9814733568231,-75.9847484555305,13.49593624735,10.00003455435,2007.66679378884,2011.16269548184,3010000
848,849,0.00147395503599945,41.9814733568231,-75.9847484555305,41.9869566835051,-76.0313333711537,13.497410202386,13.49593624735,2011.16269548184,2011.16416943687,3010000
848,852,0.101518507,41.9814733568231,-75.9847484555305,41.9678279308934,-76.1285055126478,13.59745475435,13.49593624735,2011.16269548184,2011.26421398884,3010000
849,850,0.139251487899999,41.9869566835051,-76.0313333711537,41.9008615405342,-76.0263529448786,13.636661690286,13.497410202386,2011.16416943687,2011.30342092477,3010000
849,851,0.0704686726600006,41.9869566835051,-76.0313333711537,42.0873101290681,-76.0149336917766,13.567878875046,13.497410202386,2011.16416943687,2011.23463810953,3010000
850,38,0.340379075,41.9008615405342,-76.0263529448786,41.5402,-76.5161,13.977040765286,13.636661690286,2011.30342092477,2011.64379999977,3010000
850,37,0.400679074999999,41.9008615405342,-76.0263529448786,41.9149,-76.1568,14.037340765286,13.636661690286,2011.30342092477,2011.70409999977,3010000
851,40,0.3543618902,42.0873101290681,-76.0149336917766,41.8034,-76.0779,13.922240765246,13.567878875046,2011.23463810953,2011.58899999973,3010000
851,39,1.50306189,42.0873101290681,-76.0149336917766,40.6983,-74.707,15.070940765046,13.567878875046,2011.23463810953,2012.73769999953,3010000
852,41,0.3439860109,41.9678279308934,-76.1285055126478,41.989,-76.1234,13.94144076525,13.59745475435,2011.26421398884,2011.60819999974,3010000
852,853,0.390448321499999,41.9678279308934,-76.1285055126478,41.695175012293,-75.4932122189172,13.98790307585,13.59745475435,2011.26421398884,2011.65466231034,3010000
853,42,0.0439376894799999,41.695175012293,-75.4932122189172,41.5137,-75.1231,14.03184076533,13.98790307585,2011.65466231034,2011.69859999982,3010000
853,43,0.00563768947800014,41.695175012293,-75.4932122189172,41.6374,-75.3692,13.993540765328,13.98790307585,2011.65466231034,2011.66029999982,3010000
854,45,4.947496312,42.0130946060822,-73.7386515332042,44.6489,-73.9882,14.82234076435,9.87484445235,2007.54160368684,2012.48909999884,3010000
854,46,5.168796312,42.0130946060822,-73.7386515332042,42.1866,-73.4572,15.04364076435,9.87484445235,2007.54160368684,2012.71039999884,3010000
855,856,0.733417838099999,41.1794447786071,-74.2228014139452,32.5586480355216,-72.5438638854462,4.23288884195,3.49947100385,2001.16623023834,2001.89964807644,3010000
855,48,1.474869761,41.1794447786071,-74.2228014139452,32.3483,-86.4987,4.97434076485,3.49947100385,2001.16623023834,2002.64109999934,3010000
856,49,1.757851923,32.5586480355216,-72.5438638854462,37.8699,-106.2562,5.99074076495,4.23288884195,2001.89964807644,2003.65749999944,3010000
856,50,5.741451923,32.5586480355216,-72.5438638854462,32.8874,-87.4791,9.97434076495,4.23288884195,2001.89964807644,2007.64109999944,3010000
857,51,2.492361951,41.3806443072462,-74.1717506166882,41.5822,-71.7901,5.979840765,3.487478814,2001.15423804849,2003.64659999949,3010000
857,858,0.497039521400001,41.3806443072462,-74.1717506166882,41.9897525696434,-74.1943006503948,3.9845183354,3.487478814,2001.15423804849,2001.65127756989,3010000
858,859,0.0319081785599984,41.9897525696434,-74.1943006503948,41.7644390783317,-74.006292695403,4.01642651396,3.9845183354,2001.65127756989,2001.68318574845,3010000
858,861,2.360339616,41.9897525696434,-74.1943006503948,42.1909454916313,-73.3484791449335,6.3448579514,3.9845183354,2001.65127756989,2004.01161718589,3010000
859,54,0.9579142513,41.7644390783317,-74.006292695403,41.4942,-77.5556,4.97434076526,4.01642651396,2001.68318574845,2002.64109999975,3010000
859,860,1.080743051,41.7644390783317,-74.006292695403,40.3259760303605,-76.5870289245399,5.09716956496,4.01642651396,2001.68318574845,2002.76392879945,3010000
860,53,1.8945712,40.3259760303605,-76.5870289245399,40.8328,-76.953,6.99174076496,5.09716956496,2002.76392879945,2004.65849999945,3010000
860,52,1.6595712,40.3259760303605,-76.5870289245399,40.6173,-77.9322,6.75674076496,5.09716956496,2002.76392879945,2004.42349999945,3010000
861,55,3.569182814,42.1909454916313,-73.3484791449335,42.5626,-73.8747,9.9140407654,6.3448579514,2004.01161718589,2007.58079999989,3010000
861,862,1.10218557,42.1909454916313,-73.3484791449335,42.2826927440513,-73.9012269709425,7.4470435214,6.3448579514,2004.01161718589,2005.11380275589,3010000
862,863,1.353441941,42.2826927440513,-73.9012269709425,42.1753611089618,-76.5014958337082,8.8004854624,7.4470435214,2005.11380275589,2006.46724469689,3010000
862,56,1.502597244,42.2826927440513,-73.9012269709425,42.1228,-73.6975,8.9496407654,7.4470435214,2005.11380275589,2006.61639999989,3010000
863,57,0.1190553029,42.1753611089618,-76.5014958337082,42.2307,-76.3838,8.9195407653,8.8004854624,2006.46724469689,2006.58629999979,3010000
863,864,0.1697406708,42.1753611089618,-76.5014958337082,42.2403879607804,-76.3845701550137,8.9702261332,8.8004854624,2006.46724469689,2006.63698536769,3010000
864,58,3.741114632,42.2403879607804,-76.3845701550137,40.9513,-91.4244,12.7113407652,8.9702261332,2006.63698536769,2010.37809999969,3010000
864,59,4.061614632,42.2403879607804,-76.3845701550137,40.0638,-74.4401,13.0318407652,8.9702261332,2006.63698536769,2010.69859999969,3010000
865,867,0.0248231994000001,41.278665177505,-73.9493613529767,41.338189847805,-73.8883687664876,3.19011279591,3.16528959651,2000.832048831,2000.8568720304,3010000
865,866,0.0459208477100006,41.278665177505,-73.9493613529767,41.2734479938802,-74.0597638172287,3.21121044422,3.16528959651,2000.832048831,2000.87796967871,3010000
866,60,1.122030321,41.2734479938802,-74.0597638172287,41.3395,-73.9759,4.33324076522,3.21121044422,2000.87796967871,2001.99999999971,3010000
866,61,2.754930321,41.2734479938802,-74.0597638172287,41.4304,-73.3284,5.96614076522,3.21121044422,2000.87796967871,2003.63289999971,3010000
867,868,0.1801160663,41.338189847805,-73.8883687664876,41.0246790754377,-73.5167283382198,3.37022886221,3.19011279591,2000.8568720304,2001.0369880967,3010000
867,883,0.761046891,41.338189847805,-73.8883687664876,41.7563156060191,-78.2666966010235,3.95115968691,3.19011279591,2000.8568720304,2001.6179189214,3010000
868,870,0.00518004935799965,41.0246790754377,-73.5167283382198,40.869260813525,-74.196169789064,3.375408911568,3.37022886221,2001.0369880967,2001.04216814606,3010000
868,869,0.161161422499999,41.0246790754377,-73.5167283382198,41.5517254501023,-73.8846113634914,3.53139028471,3.37022886221,2001.0369880967,2001.1981495192,3010000
869,63,2.418250481,41.5517254501023,-73.8846113634914,41.9738,-78.1969,5.94964076571,3.53139028471,2001.1981495192,2003.6164000002,3010000
869,62,6.399150481,41.5517254501023,-73.8846113634914,41.1285,-73.4002,9.93054076571,3.53139028471,2001.1981495192,2007.5973000002,3010000
870,871,0.0326048234399998,40.869260813525,-74.196169789064,41.0217164921095,-74.0713781102914,3.408013735008,3.375408911568,2001.04216814606,2001.0747729695,3010000
870,77,3.430531854,40.869260813525,-74.196169789064,41.4359,-81.808,6.805940765568,3.375408911568,2001.04216814606,2004.47270000006,3010000
871,64,1.54162703,41.0217164921095,-74.0713781102914,39.369,-78.0338,4.949640765008,3.408013735008,2001.0747729695,2002.6163999995,3010000
871,872,0.0232314429500011,41.0217164921095,-74.0713781102914,41.0535930269986,-74.3386315546421,3.431245177958,3.408013735008,2001.0747729695,2001.09800441245,3010000
872,76,0.9019955873,41.0535930269986,-74.3386315546421,47.3451,-91.7398,4.333240765258,3.431245177958,2001.09800441245,2001.99999999975,3010000
872,873,0.735016442799999,41.0535930269986,-74.3386315546421,40.7929125141421,-73.8342154682041,4.166261620758,3.431245177958,2001.09800441245,2001.83302085525,3010000
873,65,1.917679144,40.7929125141421,-73.8342154682041,43.994,-75.7881,6.083940764758,4.166261620758,2001.83302085525,2003.75069999925,3010000
873,874,0.9019970521,40.7929125141421,-73.8342154682041,40.9710081944582,-73.3185517426686,5.068258672858,4.166261620758,2001.83302085525,2002.73501790735,3010000
874,66,2.021782092,40.9710081944582,-73.3185517426686,41.4863,-73.5416,7.090040764858,5.068258672858,2002.73501790735,2004.75679999935,3010000
874,875,0.0986490737099999,40.9710081944582,-73.3185517426686,40.8847148329636,-73.4069446392643,5.166907746568,5.068258672858,2002.73501790735,2002.83366698106,3010000
875,75,1.756533019,40.8847148329636,-73.4069446392643,41.3671,-72.8799,6.923440765568,5.166907746568,2002.83366698106,2004.59020000006,3010000
875,876,1.26726083,40.8847148329636,-73.4069446392643,41.4138568898913,-73.2742153440491,6.434168576568,5.166907746568,2002.83366698106,2004.10092781106,3010000
876,877,0.9945620247,41.4138568898913,-73.2742153440491,41.4760156215752,-73.1126472195696,7.428730601268,6.434168576568,2004.10092781106,2005.09548983576,3010000
876,67,0.5903721889,41.4138568898913,-73.2742153440491,41.2677,-73.1654,7.024540765468,6.434168576568,2004.10092781106,2004.69129999996,3010000
877,878,0.0673440205300011,41.4760156215752,-73.1126472195696,41.2004925984524,-73.5188761517184,7.496074621798,7.428730601268,2005.09548983576,2005.16283385629,3010000
877,74,0.6689101642,41.4760156215752,-73.1126472195696,41.2241,-73.1437,8.097640765468,7.428730601268,2005.09548983576,2005.76439999996,3010000
878,73,0.417966143599999,41.2004925984524,-73.5188761517184,41.2802,-72.6055,7.914040765398,7.496074621798,2005.16283385629,2005.58079999989,3010000
878,879,0.0888310742999998,41.2004925984524,-73.5188761517184,41.1230059909171,-73.4773307162257,7.584905696098,7.496074621798,2005.16283385629,2005.25166493059,3010000
879,72,0.348335069299999,41.1230059909171,-73.4773307162257,40.9568,-73.9771,7.933240765398,7.584905696098,2005.25166493059,2005.59999999989,3010000
879,880,0.01970874533,41.1230059909171,-73.4773307162257,41.257130117036,-73.3117548913734,7.604614441428,7.584905696098,2005.25166493059,2005.27137367592,3010000
880,68,1.427226324,41.257130117036,-73.3117548913734,41.162,-73.481,9.031840765428,7.604614441428,2005.27137367592,2006.69859999992,3010000
880,881,0.00809326945199906,41.257130117036,-73.3117548913734,41.2477421492423,-73.3460470916446,7.61270771088,7.604614441428,2005.27137367592,2005.27946694537,3010000
881,69,0.342433054599999,41.2477421492423,-73.3460470916446,41.2745,-73.232,7.95514076548,7.61270771088,2005.27946694537,2005.62189999997,3010000
881,882,0.0344224339699988,41.2477421492423,-73.3460470916446,41.2579012240193,-73.3351764205689,7.64713014485,7.61270771088,2005.27946694537,2005.31388937934,3010000
882,71,0.368310620600001,41.2579012240193,-73.3351764205689,41.2612,-73.3662,8.01544076545,7.64713014485,2005.31388937934,2005.68219999994,3010000
882,70,1.321710621,41.2579012240193,-73.3351764205689,37.283,-81.4532,8.96884076585,7.64713014485,2005.31388937934,2006.63560000034,3010000
883,884,2.340449169,41.7563156060191,-78.2666966010235,42.0442736000535,-78.110789705648,6.29160885591,3.95115968691,2001.6179189214,2003.9583680904,3010000
883,885,0.238801841600001,41.7563156060191,-78.2666966010235,41.5359276479225,-78.2458216574972,4.18996152851,3.95115968691,2001.6179189214,2001.856720763,3010000
884,78,0.574431909199999,42.0442736000535,-78.110789705648,42.2178,-77.5293,6.86604076511,6.29160885591,2003.9583680904,2004.5327999996,3010000
884,79,1.723831909,42.0442736000535,-78.110789705648,41.4058,-74.4093,8.01544076491,6.29160885591,2003.9583680904,2005.6821999994,3010000
885,80,0.8802792367,41.5359276479225,-78.2458216574972,40.7814,-85.1043,5.07024076521,4.18996152851,2001.856720763,2002.7369999997,3010000
885,81,2.143279237,41.5359276479225,-78.2458216574972,42.641,-108.2816,6.33324076551,4.18996152851,2001.856720763,2004,3010000
886,900,0.00398995070199959,41.6703810287376,-73.4283641150365,41.5606016553062,-74.167423661105,3.046923217702,3.042933267,2000.70969250149,2000.71368245219,3010000
886,887,0.1752047845,41.6703810287376,-73.4283641150365,41.6054722808326,-73.8031716905524,3.2181380515,3.042933267,2000.70969250149,2000.88489728599,3010000
887,888,0.1209215892,41.6054722808326,-73.8031716905524,41.2303013863485,-74.4994591105467,3.3390596407,3.2181380515,2000.88489728599,2001.00581887519,3010000
887,891,0.1632865054,41.6054722808326,-73.8031716905524,41.6319536404137,-73.3423510639424,3.3814245569,3.2181380515,2000.88489728599,2001.04818379139,3010000
888,82,1.750381125,41.2303013863485,-74.4994591105467,41.2728,-73.2269,5.0894407657,3.3390596407,2001.00581887519,2002.75620000019,3010000
888,889,0.8438642779,41.2303013863485,-74.4994591105467,41.3846022203036,-74.035209432067,4.1829239186,3.3390596407,2001.00581887519,2001.84968315309,3010000
889,83,0.150316846599999,41.3846022203036,-74.035209432067,41.2731,-73.7228,4.3332407652,4.1829239186,2001.84968315309,2001.99999999969,3010000
889,890,0.9635772213,41.3846022203036,-74.035209432067,42.1581638427106,-74.7903795948576,5.1465011399,4.1829239186,2001.84968315309,2002.81326037439,3010000
890,84,1.856139625,42.1581638427106,-74.7903795948576,41.6444,-74.4925,7.0026407649,5.1465011399,2002.81326037439,2004.66939999939,3010000
890,85,2.874439625,42.1581638427106,-74.7903795948576,41.3203,-73.7159,8.0209407649,5.1465011399,2002.81326037439,2005.68769999939,3010000
891,892,0.0656252187199993,41.6319536404137,-73.3423510639424,41.4168077990696,-73.4829222596231,3.44704977562,3.3814245569,2001.04818379139,2001.11380901011,3010000
891,898,0.8041413057,41.6319536404137,-73.3423510639424,41.751780253912,-72.7853314363971,4.1855658626,3.3814245569,2001.04818379139,2001.85232509709,3010000
892,897,0.0631541945200009,41.4168077990696,-73.4829222596231,41.547678069076,-73.5395634840228,3.51020397014,3.44704977562,2001.11380901011,2001.17696320463,3010000
892,893,0.0438488434900002,41.4168077990696,-73.4829222596231,41.5912213790375,-73.4815034497824,3.49089861911,3.44704977562,2001.11380901011,2001.1576578536,3010000
893,895,0.0150791628400011,41.5912213790375,-73.4815034497824,41.1674367064801,-75.9045134368578,3.50597778195,3.49089861911,2001.1576578536,2001.17273701644,3010000
893,894,0.00547407084500051,41.5912213790375,-73.4815034497824,41.6352295211384,-73.8231196875846,3.496372689955,3.49089861911,2001.1576578536,2001.16313192444,3010000
894,87,1.510868075,41.6352295211384,-73.8231196875846,43.0121,-73.9553,5.007240764955,3.496372689955,2001.16313192444,2002.67399999944,3010000
894,86,4.420468075,41.6352295211384,-73.8231196875846,41.1663,-74.1863,7.916840764955,3.496372689955,2001.16313192444,2005.58359999944,3010000
895,88,1.542362983,41.1674367064801,-75.9045134368578,38.2017,-77.7204,5.04834076495,3.50597778195,2001.17273701644,2002.71509999944,3010000
895,896,2.160483917,41.1674367064801,-75.9045134368578,41.466864828406,-74.5507739725713,5.66646169895,3.50597778195,2001.17273701644,2003.33322093344,3010000
896,89,0.2393790661,41.466864828406,-74.5507739725713,41.1308,-73.4875,5.90584076505,5.66646169895,2003.33322093344,2003.57259999954,3010000
896,90,0.2393790661,41.466864828406,-74.5507739725713,41.4541,-74.4649,5.90584076505,5.66646169895,2003.33322093344,2003.57259999954,3010000
897,92,8.447736795,41.547678069076,-73.5395634840228,41.7844,-72.4339,11.95794076514,3.51020397014,2001.17696320463,2009.62469999963,3010000
897,91,2.434036795,41.547678069076,-73.5395634840228,42.014,-72.5642,5.94424076514,3.51020397014,2001.17696320463,2003.61099999963,3010000
898,93,2.852574903,41.751780253912,-72.7853314363971,42.3124,-73.8017,7.0381407656,4.1855658626,2001.85232509709,2004.70490000009,3010000
898,899,0.0238638346299993,41.751780253912,-72.7853314363971,41.5970511662272,-73.0072683919431,4.20942969723,4.1855658626,2001.85232509709,2001.87618893172,3010000
899,94,3.753911068,41.5970511662272,-73.0072683919431,41.4485,-73.1944,7.96334076523,4.20942969723,2001.87618893172,2005.63009999972,3010000
899,95,1.123811068,41.5970511662272,-73.0072683919431,41.4732,-73.1671,5.33324076523,4.20942969723,2001.87618893172,2002.99999999972,3010000
900,901,0.0742861186599999,41.5606016553062,-74.167423661105,41.4244427315717,-75.1541668012303,3.121209336362,3.046923217702,2000.71368245219,2000.78796857085,3010000
900,923,0.0300575977499999,41.5606016553062,-74.167423661105,41.3610014852048,-74.5178109360226,3.076980815452,3.046923217702,2000.71368245219,2000.74374004994,3010000
901,902,0.2902945043,41.4244427315717,-75.1541668012303,41.4010488701205,-74.5421015293986,3.411503840662,3.121209336362,2000.78796857085,2001.07826307515,3010000
901,920,0.0319037836699998,41.4244427315717,-75.1541668012303,41.3911176202808,-75.3742659466007,3.153113120032,3.121209336362,2000.78796857085,2000.81987235452,3010000
902,903,0.040716934979999,41.4010488701205,-74.5421015293986,41.385096484657,-74.5978380769757,3.452220775642,3.411503840662,2001.07826307515,2001.11898001013,3010000
902,96,0.921736924599999,41.4010488701205,-74.5421015293986,34.9477,-117.7786,4.333240765262,3.411503840662,2001.07826307515,2001.99999999975,3010000
903,904,0.1349147896,41.385096484657,-74.5978380769757,41.2909790821089,-74.0342022649595,3.587135565242,3.452220775642,2001.11898001013,2001.25389479973,3010000
903,114,0.8810199896,41.385096484657,-74.5978380769757,41.3445,-75.1836,4.333240765242,3.452220775642,2001.11898001013,2001.99999999973,3010000
904,905,0.555134517300001,41.2909790821089,-74.0342022649595,41.2127581754733,-74.4629731482807,4.142270082542,3.587135565242,2001.25389479973,2001.80902931703,3010000
904,912,1.461950339,41.2909790821089,-74.0342022649595,40.8352763661036,-75.2449626581711,5.049085904242,3.587135565242,2001.25389479973,2002.71584513873,3010000
905,906,0.0124388953499999,41.2127581754733,-74.4629731482807,41.1872920703405,-74.4711125424987,4.154708977892,4.142270082542,2001.80902931703,2001.82146821238,3010000
905,911,0.101915394400001,41.2127581754733,-74.4629731482807,41.1691466352912,-75.6348532464948,4.244185476942,4.142270082542,2001.80902931703,2001.91094471143,3010000
906,97,2.935331787,41.1872920703405,-74.4711125424987,40.9946,-74.7234,7.090040764892,4.154708977892,2001.82146821238,2004.75679999938,3010000
906,907,0.1109115657,41.1872920703405,-74.4711125424987,39.9660695276174,-75.7152629086664,4.265620543592,4.154708977892,2001.82146821238,2001.93237977808,3010000
907,908,0.8762391899,39.9660695276174,-75.7152629086664,41.2682641399434,-74.506286486805,5.141859733492,4.265620543592,2001.93237977808,2002.80861896798,3010000
907,98,1.067620222,39.9660695276174,-75.7152629086664,37.756,-79.4392,5.333240765592,4.265620543592,2001.93237977808,2003.00000000008,3010000
908,909,0.0244189869499998,41.2682641399434,-74.506286486805,41.1586755699332,-74.3446351282779,5.166278720442,5.141859733492,2002.80861896798,2002.83303795493,3010000
908,99,0.8625810317,41.2682641399434,-74.506286486805,41.0078,-74.6081,6.004440765192,5.141859733492,2002.80861896798,2003.67119999968,3010000
909,910,0.00973411057699991,41.1586755699332,-74.3446351282779,41.2027514914319,-74.3879536399764,5.176012831019,5.166278720442,2002.83303795493,2002.84277206551,3010000
909,100,0.799862044799999,41.1586755699332,-74.3446351282779,41.075,-74.298,5.966140765242,5.166278720442,2002.83303795493,2003.63289999973,3010000
910,101,0.9079279342,41.2027514914319,-74.3879536399764,35.6843,-77.1435,6.083940765219,5.176012831019,2002.84277206551,2003.75069999971,3010000
910,102,3.869527934,41.2027514914319,-74.3879536399764,41.2031,-74.7493,9.045540765019,5.176012831019,2002.84277206551,2006.71229999951,3010000
911,104,3.727455288,41.1691466352912,-75.6348532464948,41.2083,-74.8997,7.971640764942,4.244185476942,2001.91094471143,2005.63839999943,3010000
911,103,1.798655288,41.1691466352912,-75.6348532464948,42.8079,-74.6523,6.042840764942,4.244185476942,2001.91094471143,2003.70959999943,3010000
912,913,1.363435469,40.8352763661036,-75.2449626581711,40.3336730954536,-75.4990201038291,6.412521373242,5.049085904242,2002.71584513873,2004.07928060773,3010000
912,105,5.901654861,40.8352763661036,-75.2449626581711,40.6807,-75.8032,10.950740765242,5.049085904242,2002.71584513873,2008.61749999973,3010000
913,106,3.515219392,40.3336730954536,-75.4990201038291,39.8645,-81.7473,9.927740765242,6.412521373242,2004.07928060773,2007.59449999973,3010000
913,914,0.6700521866,40.3336730954536,-75.4990201038291,40.4597932932658,-74.6015507525705,7.082573559842,6.412521373242,2004.07928060773,2004.74933279433,3010000
914,917,2.912448355,40.4597932932658,-74.6015507525705,41.9894167326452,-74.8522011905953,9.995021914842,7.082573559842,2004.74933279433,2007.66178114933,3010000
914,915,1.042430165,40.4597932932658,-74.6015507525705,40.357054868985,-75.9644522855218,8.125003724842,7.082573559842,2004.74933279433,2005.79176295933,3010000
915,109,1.86853704,40.357054868985,-75.9644522855218,40.8035,-74.1119,9.993540764842,8.125003724842,2005.79176295933,2007.66029999933,3010000
915,916,2.08911942,40.357054868985,-75.9644522855218,40.2396893801329,-78.6911239759803,10.214123144842,8.125003724842,2005.79176295933,2007.88088237933,3010000
916,107,0.6956176197,40.2396893801329,-78.6911239759803,40.6071,-78.9706,10.909740764542,10.214123144842,2007.88088237933,2008.57649999903,3010000
916,108,4.52891762,40.2396893801329,-78.6911239759803,37.7527,-95.9397,14.743040764842,10.214123144842,2007.88088237933,2012.40979999933,3010000
917,919,0.0603896590800002,41.9894167326452,-74.8522011905953,41.9878282347364,-74.799915649139,10.055411573922,9.995021914842,2007.66178114933,2007.72217080841,3010000
917,918,0.0237700873400009,41.9894167326452,-74.8522011905953,41.9005066253789,-74.2319451460597,10.018792002182,9.995021914842,2007.66178114933,2007.68555123667,3010000
918,110,3.010348763,41.9005066253789,-74.2319451460597,41.9299,-74.3826,13.029140765182,10.018792002182,2007.68555123667,2010.69589999967,3010000
918,111,1.977448763,41.9005066253789,-74.2319451460597,41.8354,-74.5697,11.996240765182,10.018792002182,2007.68555123667,2009.66299999967,3010000
919,112,4.788729191,41.9878282347364,-74.799915649139,41.9479,-89.973,14.844140764922,10.055411573922,2007.72217080841,2012.51089999941,3010000
919,113,1.951829191,41.9878282347364,-74.799915649139,41.1587,-75.6908,12.007240764922,10.055411573922,2007.72217080841,2009.67399999941,3010000
920,118,0.862327645299999,41.3911176202808,-75.3742659466007,41.7799,-76.9793,4.015440765332,3.153113120032,2000.81987235452,2001.68219999982,3010000
920,921,0.2745875313,41.3911176202808,-75.3742659466007,41.4569694659365,-75.6129301179308,3.427700651332,3.153113120032,2000.81987235452,2001.09445988582,3010000
921,922,0.0954508500000006,41.4569694659365,-75.6129301179308,41.3162939999594,-74.8441680631109,3.523151501332,3.427700651332,2001.09445988582,2001.18991073582,3010000
921,115,3.574940114,41.4569694659365,-75.6129301179308,43.589,-71.3861,7.002640765332,3.427700651332,2001.09445988582,2004.66939999982,3010000
922,117,5.407389264,41.3162939999594,-74.8441680631109,40.9391,-74.4585,8.930540765332,3.523151501332,2001.18991073582,2006.59729999982,3010000
922,116,2.574489264,41.3162939999594,-74.8441680631109,41.3341,-73.9705,6.097640765332,3.523151501332,2001.18991073582,2003.76439999982,3010000
923,924,0.2517840967,41.3610014852048,-74.5178109360226,41.1127200321974,-74.8721659907664,3.328764912152,3.076980815452,2000.74374004994,2000.99552414664,3010000
923,949,0.0206692355500007,41.3610014852048,-74.5178109360226,41.3200651870407,-74.5040134391203,3.097650051002,3.076980815452,2000.74374004994,2000.76440928549,3010000
924,925,0.0215805102100006,41.1127200321974,-74.8721659907664,41.1195963860373,-74.89272433652,3.350345422362,3.328764912152,2000.99552414664,2001.01710465685,3010000
924,933,0.00901312358399942,41.1127200321974,-74.8721659907664,41.1343638414671,-74.6817858979285,3.337778035736,3.328764912152,2000.99552414664,2001.00453727022,3010000
925,926,0.09032364708,41.1195963860373,-74.89272433652,41.1059981249353,-74.816844416753,3.440669069442,3.350345422362,2001.01710465685,2001.10742830393,3010000
925,928,0.0191446703799993,41.1195963860373,-74.89272433652,41.3096055294304,-74.957640521044,3.369490092742,3.350345422362,2001.01710465685,2001.03624932723,3010000
926,121,2.602171696,41.1059981249353,-74.816844416753,41.3648,-73.5616,6.042840765442,3.440669069442,2001.10742830393,2003.70959999993,3010000
926,927,0.0140843466899998,41.1059981249353,-74.816844416753,41.2140880964223,-74.945156894004,3.454753416132,3.440669069442,2001.10742830393,2001.12151265062,3010000
927,119,1.525087349,41.2140880964223,-74.945156894004,40.7894,-76.007,4.979840765132,3.454753416132,2001.12151265062,2002.64659999962,3010000
927,120,2.527787349,41.2140880964223,-74.945156894004,41.3575,-73.4649,5.982540765132,3.454753416132,2001.12151265062,2003.64929999962,3010000
928,929,0.1269904998,41.3096055294304,-74.957640521044,41.3797820579781,-75.6538998201089,3.496480592542,3.369490092742,2001.03624932723,2001.16323982703,3010000
928,931,0.1126322032,41.3096055294304,-74.957640521044,41.3100696084477,-74.9270077185836,3.482122295942,3.369490092742,2001.03624932723,2001.14888153043,3010000
929,930,0.504681939899999,41.3797820579781,-75.6538998201089,39.3177758705325,-80.9821951952851,4.001162532442,3.496480592542,2001.16323982703,2001.66792176693,3010000
929,124,2.453160173,41.3797820579781,-75.6538998201089,41.3937,-75.6051,5.949640765542,3.496480592542,2001.16323982703,2003.61640000003,3010000
930,123,0.926578232800001,39.3177758705325,-80.9821951952851,37.6067,-76.961,4.927740765242,4.001162532442,2001.66792176693,2002.59449999973,3010000
930,122,0.104678232800001,39.3177758705325,-80.9821951952851,39.5976,-80.0003,4.105840765242,4.001162532442,2001.66792176693,2001.77259999973,3010000
931,127,1.588118469,41.3100696084477,-74.9270077185836,37.8597,-76.8702,5.070240764942,3.482122295942,2001.14888153043,2002.73699999943,3010000
931,932,0.543182635999999,41.3100696084477,-74.9270077185836,41.055873304796,-75.4048315435021,4.025304931942,3.482122295942,2001.14888153043,2001.69206416643,3010000
932,126,2.878935833,41.055873304796,-75.4048315435021,42.9848,-84.9364,6.904240764942,4.025304931942,2001.69206416643,2004.57099999943,3010000
932,125,1.995635833,41.055873304796,-75.4048315435021,41.1492,-79.773,6.020940764942,4.025304931942,2001.69206416643,2003.68769999943,3010000
933,128,0.7132627295,41.1343638414671,-74.6817858979285,39.943,-93.5699,4.051040765236,3.337778035736,2001.00453727022,2001.71779999972,3010000
933,934,0.0324414510899995,41.1343638414671,-74.6817858979285,41.248148340129,-77.0138223016111,3.370219486826,3.337778035736,2001.00453727022,2001.03697872131,3010000
934,948,1.791301751,41.248148340129,-77.0138223016111,40.2483935956795,-74.9818932950835,5.161521237826,3.370219486826,2001.03697872131,2002.82828047231,3010000
934,935,0.000899666941300836,41.248148340129,-77.0138223016111,41.1587707931573,-77.0701713966879,3.3711191537673,3.370219486826,2001.03697872131,2001.03787838825,3010000
935,936,1.822862135,41.1587707931573,-77.0701713966879,42.1976646943449,-78.1856514734896,5.1939812887673,3.3711191537673,2001.03787838825,2002.86074052325,3010000
935,129,1.737421612,41.1587707931573,-77.0701713966879,40.4036,-76.1448,5.1085407657673,3.3711191537673,2001.03787838825,2002.77530000025,3010000
936,130,3.725559477,42.1976646943449,-78.1856514734896,42.2493,-78.057,8.9195407657673,5.1939812887673,2002.86074052325,2006.58630000025,3010000
936,937,2.878041987,42.1976646943449,-78.1856514734896,41.9277356027277,-78.7699590611064,8.0720232757673,5.1939812887673,2002.86074052325,2005.73878251025,3010000
937,938,0.7555428573,41.9277356027277,-78.7699590611064,41.6851271599519,-79.4694282803636,8.8275661330673,8.0720232757673,2005.73878251025,2006.49432536755,3010000
937,940,0.0996269766999998,41.9277356027277,-78.7699590611064,41.8785368767898,-78.7882698997201,8.1716502524673,8.0720232757673,2005.73878251025,2005.83840948696,3010000
938,131,0.0755746322800004,41.6851271599519,-79.4694282803636,41.6602,-79.2434,8.9031407653473,8.8275661330673,2006.49432536755,2006.56989999983,3010000
938,939,0.4608320873,41.6851271599519,-79.4694282803636,41.8039639270408,-78.8526665517121,9.2883982203673,8.8275661330673,2006.49432536755,2006.95515745485,3010000
939,133,0.688642545,41.8039639270408,-78.8526665517121,41.808,-78.7417,9.9770407653673,9.2883982203673,2006.95515745485,2007.64379999985,3010000
939,132,0.762642545,41.8039639270408,-78.8526665517121,41.8034,-78.6954,10.0510407653673,9.2883982203673,2006.95515745485,2007.71779999985,3010000
940,944,0.1186190569,41.8785368767898,-78.7882698997201,41.9158304068386,-79.0474522144089,8.2902693093673,8.1716502524673,2005.83840948696,2005.95702854385,3010000
940,941,0.0244383087000006,41.8785368767898,-78.7882698997201,41.8154756815543,-78.9646570570018,8.1960885611673,8.1716502524673,2005.83840948696,2005.86284779565,3010000
941,942,0.659439455599999,41.8154756815543,-78.9646570570018,41.9742435334074,-78.3756990456846,8.8555280167673,8.1960885611673,2005.86284779565,2006.52228725125,3010000
941,943,1.660040844,41.8154756815543,-78.9646570570018,42.018318687381,-78.8251294936725,9.8561294051673,8.1960885611673,2005.86284779565,2007.52288863965,3010000
942,135,0.2832127486,41.9742435334074,-78.3756990456846,42.8414,-78.6276,9.1387407653673,8.8555280167673,2006.52228725125,2006.80549999985,3010000
942,134,0.1051127486,41.9742435334074,-78.3756990456846,41.8899,-79.3933,8.9606407653673,8.8555280167673,2006.52228725125,2006.62739999986,3010000
943,137,0.0223113604999998,42.018318687381,-78.8251294936725,42.1074,-78.8758,9.8784407656673,9.8561294051673,2007.52288863965,2007.54520000015,3010000
943,136,0.115511360499999,42.018318687381,-78.8251294936725,44.9399,-84.6499,9.9716407656673,9.8561294051673,2007.52288863965,2007.63840000015,3010000
944,142,0.648471455999999,41.9158304068386,-79.0474522144089,41.9394,-78.7872,8.9387407653673,8.2902693093673,2005.95702854385,2006.60549999985,3010000
944,945,0.4956632251,41.9158304068386,-79.0474522144089,41.8725456995756,-79.4037022276659,8.7859325344673,8.2902693093673,2005.95702854385,2006.45269176895,3010000
945,946,0.0896092070499996,41.8725456995756,-79.4037022276659,41.8246788588403,-79.472727895479,8.8755417415173,8.7859325344673,2006.45269176895,2006.542300976,3010000
945,138,0.114408230900001,41.8725456995756,-79.4037022276659,41.8723,-79.5971,8.9003407653673,8.7859325344673,2006.45269176895,2006.56709999985,3010000
946,139,0.142599023900001,41.8246788588403,-79.472727895479,41.3427,-79.7735,9.0181407654173,8.8755417415173,2006.542300976,2006.6848999999,3010000
946,947,0.0893821603599996,41.8246788588403,-79.472727895479,41.8095424416936,-79.4450867740268,8.9649239018773,8.8755417415173,2006.542300976,2006.63168313636,3010000
947,140,0.0313168634899998,41.8095424416936,-79.4450867740268,41.8369,-79.5122,8.9962407653673,8.9649239018773,2006.63168313636,2006.66299999985,3010000
947,141,0.0505168634899995,41.8095424416936,-79.4450867740268,39.8113,-76.0007,9.0154407653673,8.9649239018773,2006.63168313636,2006.68219999985,3010000
948,143,0.9388195271,40.2483935956795,-74.9818932950835,40.7615,-75.048,6.100340764926,5.161521237826,2002.82828047231,2003.76709999941,3010000
948,144,0.774419527099999,40.2483935956795,-74.9818932950835,39.6319,-75.1273,5.935940764926,5.161521237826,2002.82828047231,2003.60269999941,3010000
949,1005,0.0272022438699988,41.3200651870407,-74.5040134391203,41.7790491482897,-73.8934094708623,3.124852294872,3.097650051002,2000.76440928549,2000.79161152936,3010000
949,950,0.00749280616699899,41.3200651870407,-74.5040134391203,41.3086471859912,-74.519866499518,3.105142857169,3.097650051002,2000.76440928549,2000.77190209166,3010000
950,951,0.2389643131,41.3086471859912,-74.519866499518,41.3638971229599,-74.0808990347086,3.344107170269,3.105142857169,2000.77190209166,2001.01086640476,3010000
950,957,0.0132901566000001,41.3086471859912,-74.519866499518,41.4399861920774,-74.4057113717836,3.118433013769,3.105142857169,2000.77190209166,2000.78519224826,3010000
951,952,0.0741415077600003,41.3638971229599,-74.0808990347086,41.4830867606641,-73.8091681979474,3.418248678029,3.344107170269,2001.01086640476,2001.08500791252,3010000
951,953,0.8039139683,41.3638971229599,-74.0808990347086,41.9741586613431,-74.7237272329157,4.148021138569,3.344107170269,2001.01086640476,2001.81478037306,3010000
952,145,2.435492087,41.4830867606641,-73.8091681979474,41.4451,-73.435,5.853740765029,3.418248678029,2001.08500791252,2003.52049999952,3010000
952,146,0.673892087299999,41.4830867606641,-73.8091681979474,40.1699,-76.503,4.092140765329,3.418248678029,2001.08500791252,2001.75889999982,3010000
953,954,0.0596186287599991,41.9741586613431,-74.7237272329157,41.8096110449272,-74.9609213484023,4.207639767329,4.148021138569,2001.81478037306,2001.87439900182,3010000
953,151,4.834519627,41.9741586613431,-74.7237272329157,42.5589,-75.1825,8.982540765569,4.148021138569,2001.81478037306,2006.64930000006,3010000
954,955,0.0329014145400013,41.8096110449272,-74.9609213484023,41.818435716412,-74.9965723903196,4.240541181869,4.207639767329,2001.87439900182,2001.90730041636,3010000
954,956,0.852207541600002,41.8096110449272,-74.9609213484023,42.028093960053,-72.2090547817525,5.059847308929,4.207639767329,2001.87439900182,2002.72660654342,3010000
955,148,0.8268995835,41.818435716412,-74.9965723903196,35.3622,-77.3112,5.067440765369,4.240541181869,2001.90730041636,2002.73419999986,3010000
955,147,6.764799584,41.818435716412,-74.9965723903196,41.7208,-74.0477,11.005340765869,4.240541181869,2001.90730041636,2008.67210000036,3010000
956,150,1.037793456,42.028093960053,-72.2090547817525,38.3459,-84.2167,6.097640764929,5.059847308929,2002.72660654342,2003.76439999942,3010000
956,149,1.018593456,42.028093960053,-72.2090547817525,41.9185,-72.95,6.078440764929,5.059847308929,2002.72660654342,2003.74519999942,3010000
957,958,0.0791729756800006,41.4399861920774,-74.4057113717836,41.4389877486972,-74.4971945079871,3.197605989449,3.118433013769,2000.78519224826,2000.86436522394,3010000
957,990,0.00104777719000104,41.4399861920774,-74.4057113717836,41.4296357749647,-74.4907017131433,3.119480790959,3.118433013769,2000.78519224826,2000.78624002545,3010000
958,959,0.1462408934,41.4389877486972,-74.4971945079871,41.147015028819,-74.4240563656063,3.343846882849,3.197605989449,2000.86436522394,2001.01060611734,3010000
958,985,0.171612791399999,41.4389877486972,-74.4971945079871,42.1705894069008,-75.2237375890033,3.369218780849,3.197605989449,2000.86436522394,2001.03597801534,3010000
959,960,0.0163113358100002,41.147015028819,-74.4240563656063,41.5805632856372,-74.0979423550138,3.360158218659,3.343846882849,2001.01060611734,2001.02691745315,3010000
959,968,0.0273264333499998,41.147015028819,-74.4240563656063,37.0508494080114,-78.7764657907259,3.371173316199,3.343846882849,2001.01060611734,2001.03793255069,3010000
960,961,0.9239225955,41.5805632856372,-74.0979423550138,42.2057998151166,-74.6696938949668,4.284080814159,3.360158218659,2001.02691745315,2001.95084004865,3010000
960,964,0.785106627999999,41.5805632856372,-74.0979423550138,41.3459648406868,-74.5888473583753,4.145264846659,3.360158218659,2001.02691745315,2001.81202408115,3010000
961,963,0.896569750099999,42.2057998151166,-74.6696938949668,41.6217025574159,-73.7489485403229,5.180650564259,4.284080814159,2001.95084004865,2002.84740979875,3010000
961,962,1.359904203,42.2057998151166,-74.6696938949668,41.6765736925242,-74.5928990224767,5.643985017159,4.284080814159,2001.95084004865,2003.31074425165,3010000
962,153,0.3002557481,41.6765736925242,-74.5928990224767,41.6951,-74.4941,5.944240765259,5.643985017159,2003.31074425165,2003.61099999975,3010000
962,152,1.257555748,41.6765736925242,-74.5928990224767,41.8005,-72.7623,6.901540765159,5.643985017159,2003.31074425165,2004.56829999965,3010000
963,154,4.755290201,41.6217025574159,-73.7489485403229,41.03,-74.6301,9.935940765259,5.180650564259,2002.84740979875,2007.60269999975,3010000
963,155,2.859390201,41.6217025574159,-73.7489485403229,42.0765,-73.3029,8.040040765259,5.180650564259,2002.84740979875,2005.70679999975,3010000
964,965,0.0285983178100011,41.3459648406868,-74.5888473583753,40.7738985186571,-75.1178968448869,4.173863164469,4.145264846659,2001.81202408115,2001.84062239896,3010000
964,160,0.8071759186,41.3459648406868,-74.5888473583753,39.181,-76.7055,4.952440765259,4.145264846659,2001.81202408115,2002.61919999975,3010000
965,966,0.1101572,40.7738985186571,-75.1178968448869,40.9178805755542,-74.4225932076565,4.284020364469,4.173863164469,2001.84062239896,2001.95077959896,3010000
965,159,2.582877601,40.7738985186571,-75.1178968448869,37.3832,-76.2675,6.756740765469,4.173863164469,2001.84062239896,2004.42349999996,3010000
966,156,1.772520401,40.9178805755542,-74.4225932076565,41.6137,-72.7991,6.056540765469,4.284020364469,2001.95077959896,2003.72329999996,3010000
966,967,0.7874928544,40.9178805755542,-74.4225932076565,39.105834974702,-74.9015716777441,5.071513218869,4.284020364469,2001.95077959896,2002.73827245336,3010000
967,158,0.7617275464,39.105834974702,-74.9015716777441,34.6024,-104.4684,5.833240765269,5.071513218869,2002.73827245336,2003.49999999976,3010000
967,157,1.693427546,39.105834974702,-74.9015716777441,38.2905,-80.6711,6.764940764869,5.071513218869,2002.73827245336,2004.43169999936,3010000
968,969,0.106551212099999,37.0508494080114,-78.7764657907259,36.974713295483,-78.7202003214493,3.477724528299,3.371173316199,2001.03793255069,2001.14448376279,3010000
968,974,0.0789011752800004,37.0508494080114,-78.7764657907259,35.7520558752684,-78.0612366866227,3.450074491479,3.371173316199,2001.03793255069,2001.11683372597,3010000
969,166,2.855516237,36.974713295483,-78.7202003214493,32.2255,-96.0592,6.333240765299,3.477724528299,2001.14448376279,2003.99999999979,3010000
969,970,1.645273874,36.974713295483,-78.7202003214493,41.102135848791,-74.3894384447815,5.122998402299,3.477724528299,2001.14448376279,2002.78975763679,3010000
970,972,1.146708644,41.102135848791,-74.3894384447815,40.9811736408576,-73.9743584706349,6.269707046299,5.122998402299,2002.78975763679,2003.93646628079,3010000
970,971,0.104947641799999,41.102135848791,-74.3894384447815,41.0823381587871,-74.456418020416,5.227946044099,5.122998402299,2002.78975763679,2002.89470527859,3010000
971,162,1.821094721,41.0823381587871,-74.456418020416,41.197,-74.8529,7.049040765099,5.227946044099,2002.89470527859,2004.71579999959,3010000
971,161,0.716294721000001,41.0823381587871,-74.456418020416,41.135,-74.0898,5.944240765099,5.227946044099,2002.89470527859,2003.61099999959,3010000
972,163,0.763033718500001,40.9811736408576,-73.9743584706349,40.9072,-73.8324,7.032740764799,6.269707046299,2003.93646628079,2004.69949999929,3010000
972,973,0.160456549300001,40.9811736408576,-73.9743584706349,40.9870137694698,-74.1729605213111,6.430163595599,6.269707046299,2003.93646628079,2004.09692283009,3010000
973,164,0.4904771693,40.9870137694698,-74.1729605213111,40.8905,-74.3987,6.920640764899,6.430163595599,2004.09692283009,2004.58739999939,3010000
973,165,0.430377169299998,40.9870137694698,-74.1729605213111,40.94,-73.9008,6.860540764899,6.430163595599,2004.09692283009,2004.52729999939,3010000
974,975,0.6385654286,35.7520558752684,-78.0612366866227,35.4482958497694,-78.6930865158249,4.088639920079,3.450074491479,2001.11683372597,2001.75539915457,3010000
974,976,0.0115746630300002,35.7520558752684,-78.0612366866227,35.7506439955574,-78.0925986894275,3.461649154509,3.450074491479,2001.11683372597,2001.128408389,3010000
975,167,0.00350084514500004,35.4482958497694,-78.6930865158249,35.4083,-78.7908,4.092140765224,4.088639920079,2001.75539915457,2001.75889999971,3010000
975,168,2.602500845,35.4482958497694,-78.6930865158249,37.4902,-78.3153,6.691140765079,4.088639920079,2001.75539915457,2004.35789999957,3010000
976,977,0.0554749014699993,35.7506439955574,-78.0925986894275,38.3929492639944,-76.5990511047745,3.517124055979,3.461649154509,2001.128408389,2001.18388329047,3010000
976,981,0.1995464807,35.7506439955574,-78.0925986894275,38.9205036278036,-78.6184400388085,3.661195635209,3.461649154509,2001.128408389,2001.3279548697,3010000
977,173,1.418816709,38.3929492639944,-76.5990511047745,40.0744,-74.1491,4.935940764979,3.517124055979,2001.18388329047,2002.60269999947,3010000
977,978,0.6865051696,38.3929492639944,-76.5990511047745,39.2416088930304,-74.5015466356283,4.203629225579,3.517124055979,2001.18388329047,2001.87038846007,3010000
978,172,2.82911154,39.2416088930304,-74.5015466356283,37.1392,-81.8496,7.032740765579,4.203629225579,2001.87038846007,2004.69950000007,3010000
978,979,0.0649885963100001,39.2416088930304,-74.5015466356283,39.2734808008575,-74.4771604053672,4.268617821889,4.203629225579,2001.87038846007,2001.93537705638,3010000
979,980,0.910773281399999,39.2734808008575,-74.4771604053672,40.5151539702403,-73.5103195710804,5.179391103289,4.268617821889,2001.93537705638,2002.84615033778,3010000
979,171,0.763222943400001,39.2734808008575,-74.4771604053672,40.9913,-74.2074,5.031840765289,4.268617821889,2001.93537705638,2002.69859999978,3010000
980,170,0.844249662000001,40.5151539702403,-73.5103195710804,41.507,-75.093,6.023640765289,5.179391103289,2002.84615033778,2003.69039999978,3010000
980,169,1.686649662,40.5151539702403,-73.5103195710804,40.1046,-74.4006,6.866040765289,5.179391103289,2002.84615033778,2004.53279999978,3010000
981,982,0.6230416159,38.9205036278036,-78.6184400388085,39.5310167653246,-80.7424437111765,4.284237251109,3.661195635209,2001.3279548697,2001.9509964856,3010000
981,984,0.277554343899999,38.9205036278036,-78.6184400388085,38.0587367206139,-79.7001899322499,3.938749979109,3.661195635209,2001.3279548697,2001.6055092136,3010000
982,174,0.766803514099999,39.5310167653246,-80.7424437111765,40.6267,-80.7531,5.051040765209,4.284237251109,2001.9509964856,2002.7177999997,3010000
982,983,2.137469716,39.5310167653246,-80.7424437111765,39.9872024675511,-78.9044824541992,6.421706967109,4.284237251109,2001.9509964856,2004.0884662016,3010000
983,175,5.547133798,39.9872024675511,-78.9044824541992,38.8903,-105.865,11.968840765109,6.421706967109,2004.0884662016,2009.6355999996,3010000
983,176,0.518133798100001,39.9872024675511,-78.9044824541992,40.5849,-75.7791,6.939840765209,6.421706967109,2004.0884662016,2004.6065999997,3010000
984,177,2.120490786,38.0587367206139,-79.7001899322499,35.9777,-78.8128,6.059240765109,3.938749979109,2001.6055092136,2003.7259999996,3010000
984,178,0.153390786099999,38.0587367206139,-79.7001899322499,39.6896,-84.6156,4.092140765209,3.938749979109,2001.6055092136,2001.7588999997,3010000
985,184,1.659921984,42.1705894069008,-75.2237375890033,42.7469,-73.235,5.029140764849,3.369218780849,2001.03597801534,2002.69589999934,3010000
985,986,0.373073967,42.1705894069008,-75.2237375890033,42.003990359189,-74.1592590997102,3.742292747849,3.369218780849,2001.03597801534,2001.40905198234,3010000
986,987,0.186992935100001,42.003990359189,-74.1592590997102,41.8754835643951,-73.7935553470875,3.929285682949,3.742292747849,2001.40905198234,2001.59604491744,3010000
986,179,4.256748017,42.003990359189,-74.1592590997102,42.2659,-74.6496,7.999040764849,3.742292747849,2001.40905198234,2005.66579999934,3010000
987,180,2.080655082,41.8754835643951,-73.7935553470875,41.3469,-73.9191,6.009940764949,3.929285682949,2001.59604491744,2003.67669999944,3010000
987,988,0.203906054699999,41.8754835643951,-73.7935553470875,41.982554375996,-73.8231366505865,4.133191737649,3.929285682949,2001.59604491744,2001.79995097214,3010000
988,181,1.813749028,41.982554375996,-73.8231366505865,41.2651,-72.8718,5.946940765649,4.133191737649,2001.79995097214,2003.61370000014,3010000
988,989,0.926593606600001,41.982554375996,-73.8231366505865,40.4520075561451,-75.2363838993565,5.059785344249,4.133191737649,2001.79995097214,2002.72654457874,3010000
989,183,0.922755420999998,40.4520075561451,-75.2363838993565,40.4574,-74.4074,5.982540765249,5.059785344249,2002.72654457874,2003.64929999974,3010000
989,182,2.824155421,40.4520075561451,-75.2363838993565,41.0987,-74.3395,7.883940765249,5.059785344249,2002.72654457874,2005.55069999974,3010000
990,991,0.206455779200001,41.4296357749647,-74.4907017131433,41.6276606588951,-74.8802992686768,3.325936570159,3.119480790959,2000.78624002545,2000.99269580465,3010000
990,1004,0.3414418206,41.4296357749647,-74.4907017131433,41.1801710155256,-76.2442937177825,3.460922611559,3.119480790959,2000.78624002545,2001.12768184605,3010000
991,992,0.852772338199999,41.6276606588951,-74.8802992686768,41.3661334602461,-74.7699335203267,4.178708908359,3.325936570159,2000.99269580465,2001.84546814285,3010000
991,993,0.0725933309600002,41.6276606588951,-74.8802992686768,41.2215539542391,-74.3694260527625,3.398529901119,3.325936570159,2000.99269580465,2001.06528913561,3010000
992,185,1.743531857,41.3661334602461,-74.7699335203267,44.6938,-73.9002,5.922240765359,4.178708908359,2001.84546814285,2003.58899999985,3010000
992,186,4.812031857,41.3661334602461,-74.7699335203267,44.4172,-74.4106,8.990740765359,4.178708908359,2001.84546814285,2006.65749999985,3010000
993,995,0.0459164216499985,41.2215539542391,-74.3694260527625,40.9513229292795,-74.2476239199881,3.444446322769,3.398529901119,2001.06528913561,2001.11120555726,3010000
993,994,0.044857370359999,41.2215539542391,-74.3694260527625,41.2159537555223,-74.5630333782459,3.443387271479,3.398529901119,2001.06528913561,2001.11014650597,3010000
994,187,1.643253494,41.2159537555223,-74.5630333782459,40.7509,-76.2654,5.086640765479,3.443387271479,2001.11014650597,2002.75339999997,3010000
994,188,1.602153494,41.2159537555223,-74.5630333782459,41.9152,-76.9026,5.045540765479,3.443387271479,2001.11014650597,2002.71229999997,3010000
995,996,4.410092709,40.9513229292795,-74.2476239199881,40.9236010562022,-74.6984905481878,7.854539031769,3.444446322769,2001.11120555726,2005.52129826626,3010000
995,1002,0.00363812823900034,40.9513229292795,-74.2476239199881,40.9135844587393,-74.1337810975113,3.448084451008,3.444446322769,2001.11120555726,2001.1148436855,3010000
996,997,1.313737829,40.9236010562022,-74.6984905481878,40.4562316725263,-74.8655659489044,9.168276860769,7.854539031769,2005.52129826626,2006.83503609526,3010000
996,189,1.081401733,40.9236010562022,-74.6984905481878,40.3356,-74.7534,8.935940764769,7.854539031769,2005.52129826626,2006.60269999926,3010000
997,195,0.8581639039,40.4562316725263,-74.8655659489044,40.1095,-75.1726,10.026440764669,9.168276860769,2006.83503609526,2007.69319999916,3010000
997,998,0.6704067568,40.4562316725263,-74.8655659489044,40.1054644488761,-75.2683672926545,9.838683617569,9.168276860769,2006.83503609526,2007.50544285206,3010000
998,194,1.169457147,40.1054644488761,-75.2683672926545,39.9855,-74.4019,11.008140764569,9.838683617569,2007.50544285206,2008.67489999906,3010000
998,999,0.0305300687199992,40.1054644488761,-75.2683672926545,40.1597558160555,-75.2542833136393,9.869213686289,9.838683617569,2007.50544285206,2007.53597292078,3010000
999,190,0.0804270783300005,40.1597558160555,-75.2542833136393,40.3383,-74.7978,9.949640764619,9.869213686289,2007.53597292078,2007.61639999911,3010000
999,1000,0.1175239666,40.1597558160555,-75.2542833136393,39.539776806942,-75.1038170642912,9.986737652889,9.869213686289,2007.53597292078,2007.65349688738,3010000
1000,1001,0.2826813369,39.539776806942,-75.1038170642912,39.6431697128111,-74.9478673669271,10.269418989789,9.986737652889,2007.65349688738,2007.93617822428,3010000
1000,191,2.949203112,39.539776806942,-75.1038170642912,39.7178,-75.0129,12.935940764889,9.986737652889,2007.65349688738,2010.60269999938,3010000
1001,192,1.680221775,39.6431697128111,-74.9478673669271,39.9191,-74.7131,11.949640764789,10.269418989789,2007.93617822428,2009.61639999928,3010000
1001,193,0.779621774700001,39.6431697128111,-74.9478673669271,39.7853,-74.5029,11.049040764489,10.269418989789,2007.93617822428,2008.71579999898,3010000
1002,1003,0.140622673899999,40.9135844587393,-74.1337810975113,41.0271671798563,-74.1942067623776,3.588707124908,3.448084451008,2001.1148436855,2001.2554663594,3010000
1002,196,2.608456314,40.9135844587393,-74.1337810975113,41.1215,-73.5674,6.056540765008,3.448084451008,2001.1148436855,2003.7232999995,3010000
1003,198,1.38563364,41.0271671798563,-74.1942067623776,48.1061,-95.7997,4.974340764908,3.588707124908,2001.2554663594,2002.6410999994,3010000
1003,197,2.47333364,41.0271671798563,-74.1942067623776,40.6482,-74.2786,6.062040764908,3.588707124908,2001.2554663594,2003.7287999994,3010000
1004,200,2.625718154,41.1801710155256,-76.2442937177825,41.306,-73.7346,6.086640765559,3.460922611559,2001.12768184605,2003.75340000005,3010000
1004,199,1.609318154,41.1801710155256,-76.2442937177825,40.3644,-78.0878,5.070240765559,3.460922611559,2001.12768184605,2002.73700000005,3010000
1005,1080,0.2612203489,41.7790491482897,-73.8934094708623,41.6517666772243,-74.3017197928902,3.386072643772,3.124852294872,2000.79161152936,2001.05283187826,3010000
1005,1006,0.180798705700001,41.7790491482897,-73.8934094708623,41.759706363259,-74.0330483590276,3.305651000572,3.124852294872,2000.79161152936,2000.97241023506,3010000
1006,1027,0.0361283762200006,41.759706363259,-74.0330483590276,41.7655056496543,-73.755124563114,3.341779376792,3.305651000572,2000.97241023506,2001.00853861128,3010000
1006,1007,0.0151015798100005,41.759706363259,-74.0330483590276,42.1007198177079,-74.277472694111,3.320752580382,3.305651000572,2000.97241023506,2000.98751181487,3010000
1007,1008,0.0129462650699992,42.1007198177079,-74.277472694111,42.0227089712516,-74.1773211600835,3.333698845452,3.320752580382,2000.98751181487,2001.00045807994,3010000
1007,1026,0.0520355734399995,42.1007198177079,-74.277472694111,42.3302555198016,-74.4677342136311,3.372788153822,3.320752580382,2000.98751181487,2001.03954738831,3010000
1008,1009,0.122431354400002,42.0227089712516,-74.1773211600835,41.9013739131244,-74.0954405777284,3.456130199852,3.333698845452,2001.00045807994,2001.12288943434,3010000
1008,201,0.6406419199,42.0227089712516,-74.1773211600835,39.7397,-79.1811,3.974340765352,3.333698845452,2001.00045807994,2001.64109999984,3010000
1009,1013,0.00182188077599932,41.9013739131244,-74.0954405777284,41.8901871480477,-74.054202064344,3.457952080628,3.456130199852,2001.12288943434,2001.12471131512,3010000
1009,1010,0.7541730883,41.9013739131244,-74.0954405777284,41.5343130615654,-73.8940320585865,4.210303288152,3.456130199852,2001.12288943434,2001.87706252264,3010000
1010,1011,0.0502883549499984,41.5343130615654,-73.8940320585865,41.4132339018614,-74.5097114509828,4.260591643102,4.210303288152,2001.87706252264,2001.92735087759,3010000
1010,202,1.638037477,41.5343130615654,-73.8940320585865,44.8251,-73.1867,5.848340765152,4.210303288152,2001.87706252264,2003.51509999964,3010000
1011,205,1.072649122,41.4132339018614,-74.5097114509828,46.6455,-69.6701,5.333240765102,4.260591643102,2001.92735087759,2002.99999999959,3010000
1011,1012,0.8356662226,41.4132339018614,-74.5097114509828,41.5124707095341,-74.048555580556,5.096257865702,4.260591643102,2001.92735087759,2002.76301710019,3010000
1012,204,0.9848828997,41.5124707095341,-74.048555580556,41.528,-74.0839,6.081140765402,5.096257865702,2002.76301710019,2003.74789999989,3010000
1012,203,1.8981829,41.5124707095341,-74.048555580556,41.2407,-73.5373,6.994440765702,5.096257865702,2002.76301710019,2004.66120000019,3010000
1013,219,10.57938868,41.8901871480477,-74.054202064344,41.9416,-74.0144,14.037340760628,3.457952080628,2001.12471131512,2011.70409999512,3010000
1013,1014,0.0708054433599994,41.8901871480477,-74.054202064344,41.9178927690528,-73.9167550635605,3.528757523988,3.457952080628,2001.12471131512,2001.19551675848,3010000
1014,1015,0.6021905276,41.9178927690528,-73.9167550635605,41.0266454568566,-76.0175778032892,4.130948051588,3.528757523988,2001.19551675848,2001.79770728608,3010000
1014,1019,0.735648449400001,41.9178927690528,-73.9167550635605,41.6112436918336,-76.2499283556307,4.264405973388,3.528757523988,2001.19551675848,2001.93116520788,3010000
1015,1016,0.133151479200002,41.0266454568566,-76.0175778032892,41.6285739233996,-77.0841882145429,4.264099530788,4.130948051588,2001.79770728608,2001.93085876528,3010000
1015,210,1.758492714,41.0266454568566,-76.0175778032892,32.9158,-103.9123,5.889440765588,4.130948051588,2001.79770728608,2003.55620000008,3010000
1016,1017,3.794383437,41.6285739233996,-77.0841882145429,44.380949123198,-70.6378629036139,8.058482967788,4.264099530788,2001.93085876528,2005.72524220228,3010000
1016,209,1.814341235,41.6285739233996,-77.0841882145429,41.3813,-77.2088,6.078440765788,4.264099530788,2001.93085876528,2003.74520000028,3010000
1017,206,5.918557798,44.380949123198,-70.6378629036139,44.9744,-69.7815,13.977040765788,8.058482967788,2005.72524220228,2011.64380000028,3010000
1017,1018,0.9682226591,44.380949123198,-70.6378629036139,44.3397730706159,-73.449806411592,9.026705626888,8.058482967788,2005.72524220228,2006.69346486138,3010000
1018,208,1.934935138,44.3397730706159,-73.449806411592,42.5435,-71.3867,10.961640764888,9.026705626888,2006.69346486138,2008.62839999938,3010000
1018,207,4.816135138,44.3397730706159,-73.449806411592,42.8455,-75.0102,13.842840764888,9.026705626888,2006.69346486138,2011.50959999938,3010000
1019,218,7.720934792,41.6112436918336,-76.2499283556307,38.0682,-84.009,11.985340765388,4.264405973388,2001.93116520788,2009.65209999988,3010000
1019,1020,2.15897081,41.6112436918336,-76.2499283556307,41.915256460795,-73.8318685324111,6.423376783388,4.264405973388,2001.93116520788,2004.09013601788,3010000
1020,1021,1.639555949,41.915256460795,-73.8318685324111,42.3745781785912,-73.8068432224437,8.062932732388,6.423376783388,2004.09013601788,2005.72969196688,3010000
1020,211,2.603063982,41.915256460795,-73.8318685324111,41.4879,-73.4857,9.026440765388,6.423376783388,2004.09013601788,2006.69319999988,3010000
1021,1024,1.738473122,42.3745781785912,-73.8068432224437,41.3496914398023,-74.7751550588824,9.801405854388,8.062932732388,2005.72969196688,2007.46816508888,3010000
1021,1022,1.522175971,42.3745781785912,-73.8068432224437,43.0249197978425,-73.5718422550457,9.585108703388,8.062932732388,2005.72969196688,2007.25186793788,3010000
1022,214,0.427632061700001,43.0249197978425,-73.5718422550457,42.6835,-73.5753,10.012740765088,9.585108703388,2007.25186793788,2007.67949999958,3010000
1022,1023,0.0229979921800005,43.0249197978425,-73.5718422550457,43.0100909610339,-73.601377707053,9.608106695568,9.585108703388,2007.25186793788,2007.27486593006,3010000
1023,212,0.366234069500001,43.0100909610339,-73.601377707053,42.0566,-77.651,9.974340765068,9.608106695568,2007.27486593006,2007.64109999956,3010000
1023,213,0.338834069500001,43.0100909610339,-73.601377707053,43.0993,-73.6453,9.946940765068,9.608106695568,2007.27486593006,2007.61369999956,3010000
1024,217,3.19483491,41.3496914398023,-74.7751550588824,42.1992,-72.816,12.996240764388,9.801405854388,2007.46816508888,2010.66299999888,3010000
1024,1025,0.1878564229,41.3496914398023,-74.7751550588824,41.3331285322671,-73.2210268164967,9.989262277288,9.801405854388,2007.46816508888,2007.65602151178,3010000
1025,215,2.012478487,41.3331285322671,-73.2210268164967,43.454,-76.1305,12.001740764288,9.989262277288,2007.65602151178,2009.66849999878,3010000
1025,216,0.0206784871199996,41.3331285322671,-73.2210268164967,41.3957,-73.1943,10.009940764408,9.989262277288,2007.65602151178,2007.6766999989,3010000
1026,221,0.7138526115,42.3302555198016,-74.4677342136311,34.5758,-82.1605,4.086640765322,3.372788153822,2001.03954738831,2001.75339999981,3010000
1026,220,5.604252612,42.3302555198016,-74.4677342136311,41.8859,-77.7522,8.977040765822,3.372788153822,2001.03954738831,2006.64380000031,3010000
1027,1028,0.113991154199999,41.7655056496543,-73.755124563114,41.7094973904402,-73.438643260538,3.455770530992,3.341779376792,2001.00853861128,2001.12252976548,3010000
1027,1076,0.833506735,41.7655056496543,-73.755124563114,42.4223782493774,-72.5475586307021,4.175286111792,3.341779376792,2001.00853861128,2001.84204534628,3010000
1028,1075,1.603600888,41.7094973904402,-73.438643260538,41.5413560911096,-74.4646382110355,5.059371418992,3.455770530992,2001.12252976548,2002.72613065348,3010000
1028,1029,0.0659834547700004,41.7094973904402,-73.438643260538,41.8493519460511,-73.6268072796966,3.521753985762,3.455770530992,2001.12252976548,2001.18851322025,3010000
1029,1030,0.0181903084700004,41.8493519460511,-73.6268072796966,41.9049894696938,-73.4020837392421,3.539944294232,3.521753985762,2001.18851322025,2001.20670352872,3010000
1029,268,3.19398678,41.8493519460511,-73.6268072796966,41.7035,-74.926,6.715740765762,3.521753985762,2001.18851322025,2004.38250000025,3010000
1030,267,0.648096471100001,41.9049894696938,-73.4020837392421,44.4923,-84.3002,4.188040765332,3.539944294232,2001.20670352872,2001.85479999982,3010000
1030,1031,0.524791284199999,41.9049894696938,-73.4020837392421,41.4531081119081,-74.1577076062209,4.064735578432,3.539944294232,2001.20670352872,2001.73149481292,3010000
1031,1032,0.192102351799999,41.4531081119081,-74.1577076062209,42.5958506790148,-73.7224578518075,4.256837930232,4.064735578432,2001.73149481292,2001.92359716472,3010000
1031,1070,0.0840814512100003,41.4531081119081,-74.1577076062209,41.4449779465074,-73.9526962479826,4.148817029642,4.064735578432,2001.73149481292,2001.81557626413,3010000
1032,260,5.755902835,42.5958506790148,-73.7224578518075,42.0127,-72.112,10.012740765232,4.256837930232,2001.92359716472,2007.67949999972,3010000
1032,1033,0.0201356807100019,42.5958506790148,-73.7224578518075,42.5369298808119,-73.8933616614201,4.276973610942,4.256837930232,2001.92359716472,2001.94373284543,3010000
1033,1034,3.001980403,42.5369298808119,-73.8933616614201,43.1520610162025,-73.0975966854681,7.278954013942,4.276973610942,2001.94373284543,2004.94571324843,3010000
1033,1035,3.559982499,42.5369298808119,-73.8933616614201,41.5975100692504,-73.3424860202503,7.836956109942,4.276973610942,2001.94373284543,2005.50371534443,3010000
1034,223,1.714586751,43.1520610162025,-73.0975966854681,42.3279,-73.4538,8.993540764942,7.278954013942,2004.94571324843,2006.66029999943,3010000
1034,222,0.722786751099999,43.1520610162025,-73.0975966854681,42.6428,-72.7512,8.001740765042,7.278954013942,2004.94571324843,2005.66849999953,3010000
1035,224,4.123684655,41.5975100692504,-73.3424860202503,44.9429,-70.2963,11.960640764942,7.836956109942,2005.50371534443,2009.62739999943,3010000
1035,1036,1.083917074,41.5975100692504,-73.3424860202503,41.625842412791,-73.2429769137575,8.920873183942,7.836956109942,2005.50371534443,2006.58763241843,3010000
1036,1037,0.3557742057,41.625842412791,-73.2429769137575,41.9990812202546,-73.1222614386225,9.276647389642,8.920873183942,2006.58763241843,2006.94340662413,3010000
1036,1047,0.4915086014,41.625842412791,-73.2429769137575,41.7250733589914,-72.98838716456,9.412381785342,8.920873183942,2006.58763241843,2007.07914101983,3010000
1037,225,0.7305933754,41.9990812202546,-73.1222614386225,41.9932,-73.1524,10.007240765042,9.276647389642,2006.94340662413,2007.67399999953,3010000
1037,1038,0.1359005856,41.9990812202546,-73.1222614386225,41.9321585637022,-73.3266024798024,9.412547975242,9.276647389642,2006.94340662413,2007.07930720973,3010000
1038,1039,0.1927849697,41.9321585637022,-73.3266024798024,41.9142190690194,-72.7371386025275,9.605332944942,9.412547975242,2007.07930720973,2007.27209217943,3010000
1038,1046,0.458162034000001,41.9321585637022,-73.3266024798024,41.589434763347,-72.4766507883522,9.870710009242,9.412547975242,2007.07930720973,2007.53746924373,3010000
1039,233,2.39640782,41.9142190690194,-72.7371386025275,41.5955,-72.4799,12.001740764942,9.605332944942,2007.27209217943,2009.66849999943,3010000
1039,1040,1.086115798,41.9142190690194,-72.7371386025275,41.7646865779084,-72.7795065668736,10.691448742942,9.605332944942,2007.27209217943,2008.35820797743,3010000
1040,1041,1.496986186,41.7646865779084,-72.7795065668736,41.6698918489115,-75.1870780124262,12.188434928942,10.691448742942,2008.35820797743,2009.85519416343,3010000
1040,1042,2.489102518,41.7646865779084,-72.7795065668736,39.4807906313167,-109.559960925521,13.180551260942,10.691448742942,2008.35820797743,2010.84731049543,3010000
1041,226,2.685805835,41.6698918489115,-75.1870780124262,42.4071,-73.3391,14.874240763942,12.188434928942,2009.85519416343,2012.54099999843,3010000
1041,227,2.633905835,41.6698918489115,-75.1870780124262,45.6999,-91.1725,14.822340763942,12.188434928942,2009.85519416343,2012.48909999843,3010000
1042,228,1.655389504,39.4807906313167,-109.559960925521,39.4836,-109.6079,14.835940764942,13.180551260942,2010.84731049543,2012.50269999943,3010000
1042,1043,0.0165748958399998,39.4807906313167,-109.559960925521,39.3933664574186,-109.36425035249,13.197126156782,13.180551260942,2010.84731049543,2010.86388539127,3010000
1043,232,1.562314608,39.3933664574186,-109.36425035249,39.7854,-110.0634,14.759440764782,13.197126156782,2010.86388539127,2012.42619999927,3010000
1043,1044,0.0488663881800004,39.3933664574186,-109.36425035249,39.3890008373977,-109.118182916356,13.245992544962,13.197126156782,2010.86388539127,2010.91275177945,3010000
1044,229,1.59274822,39.3890008373977,-109.118182916356,38.5532,-109.4339,14.838740764962,13.245992544962,2010.91275177945,2012.50549999945,3010000
1044,1045,0.2196425093,39.3890008373977,-109.118182916356,39.5496085764235,-109.434209283412,13.465635054262,13.245992544962,2010.91275177945,2011.13239428875,3010000
1045,230,1.367605711,39.5496085764235,-109.434209283412,38.9051,-107.6265,14.833240765262,13.465635054262,2011.13239428875,2012.49999999975,3010000
1045,231,1.370305711,39.5496085764235,-109.434209283412,39.5358,-109.734,14.835940765262,13.465635054262,2011.13239428875,2012.50269999975,3010000
1046,235,2.194030756,41.589434763347,-72.4766507883522,41.6457,-73.0457,12.064740765242,9.870710009242,2007.53746924373,2009.73149999973,3010000
1046,234,0.1063307558,41.589434763347,-72.4766507883522,41.6808,-72.9383,9.977040765042,9.870710009242,2007.53746924373,2007.64379999953,3010000
1047,1048,0.6910305404,41.7250733589914,-72.98838716456,42.2240166993469,-71.9457070034107,10.103412325742,9.412381785342,2007.07914101983,2007.77017156023,3010000
1047,1050,0.6560302418,41.7250733589914,-72.98838716456,41.4701877703671,-72.8714797601217,10.068412027142,9.412381785342,2007.07914101983,2007.73517126163,3010000
1048,236,3.816128439,42.2240166993469,-71.9457070034107,42.9215,-71.3065,13.919540764742,10.103412325742,2007.77017156023,2011.58629999923,3010000
1048,1049,1.729962087,42.2240166993469,-71.9457070034107,42.2718807226153,-71.7605538409557,11.833374412742,10.103412325742,2007.77017156023,2009.50013364723,3010000
1049,237,0.998466352,42.2718807226153,-71.7605538409557,42.123,-72.1595,12.831840764742,11.833374412742,2009.50013364723,2010.49859999923,3010000
1049,238,0.168366352,42.2718807226153,-71.7605538409557,39.8247,-75.2746,12.001740764742,11.833374412742,2009.50013364723,2009.66849999923,3010000
1050,1051,0.158001008099999,41.4701877703671,-72.8714797601217,42.0993675081321,-73.2127930484402,10.226413035242,10.068412027142,2007.73517126163,2007.89317226973,3010000
1050,239,4.901428738,41.4701877703671,-72.8714797601217,42.1675,-72.3775,14.969840765142,10.068412027142,2007.73517126163,2012.63659999963,3010000
1051,259,3.75062773,42.0993675081321,-73.2127930484402,39.2135,-76.1681,13.977040765242,10.226413035242,2007.89317226973,2011.64379999973,3010000
1051,1052,1.547463763,42.0993675081321,-73.2127930484402,41.7104358703153,-71.1104061860172,11.773876798242,10.226413035242,2007.89317226973,2009.44063603273,3010000
1052,1053,0.3548708348,41.7104358703153,-71.1104061860172,41.7490266048085,-71.4592438687478,12.128747633042,11.773876798242,2009.44063603273,2009.79550686753,3010000
1052,1069,2.72886403,41.7104358703153,-71.1104061860172,41.8481163076493,-71.8850444646633,14.502740828242,11.773876798242,2009.44063603273,2012.16950006273,3010000
1053,1054,0.289143617500001,41.7490266048085,-71.4592438687478,41.6855348956217,-71.6054035433877,12.417891250542,12.128747633042,2009.79550686753,2010.08465048503,3010000
1053,1057,0.0298192386499991,41.7490266048085,-71.4592438687478,41.7226081393591,-71.3658367724772,12.158566871692,12.128747633042,2009.79550686753,2009.82532610618,3010000
1054,1055,0.7663041258,41.6855348956217,-71.6054035433877,41.7871044769087,-71.5703116227079,13.184195376342,12.417891250542,2010.08465048503,2010.85095461083,3010000
1054,243,3.441349514,41.6855348956217,-71.6054035433877,42.0562,-72.3475,15.859240764542,12.417891250542,2010.08465048503,2013.52599999903,3010000
1055,1056,0.3802189526,41.7871044769087,-71.5703116227079,41.6954062932794,-72.6239438506968,13.564414328942,13.184195376342,2010.85095461083,2011.23117356343,3010000
1055,242,4.762745388,41.7871044769087,-71.5703116227079,42.1464,-71.0317,17.946940764342,13.184195376342,2010.85095461083,2015.61369999883,3010000
1056,241,2.366126436,41.6954062932794,-72.6239438506968,41.8678,-74.2437,15.930540764942,13.564414328942,2011.23117356343,2013.59729999943,3010000
1056,240,2.308526436,41.6954062932794,-72.6239438506968,41.4983,-72.4411,15.872940764942,13.564414328942,2011.23117356343,2013.53969999943,3010000
1057,256,3.752773893,41.7226081393591,-71.3658367724772,41.8517,-72.5529,15.911340764692,12.158566871692,2009.82532610618,2013.57809999918,3010000
1057,1058,0.2123927588,41.7226081393591,-71.3658367724772,41.3716886598508,-72.5844401197327,12.370959630492,12.158566871692,2009.82532610618,2010.03771886498,3010000
1058,1059,0.111457422000001,41.3716886598508,-72.5844401197327,41.5929436688258,-77.3437753222776,12.482417052492,12.370959630492,2010.03771886498,2010.14917628698,3010000
1058,1061,0.602061946899999,41.3716886598508,-72.5844401197327,41.3473656391101,-72.5841040262567,12.973021577392,12.370959630492,2010.03771886498,2010.63978081188,3010000
1059,1060,1.141448286,41.5929436688258,-77.3437753222776,41.6689787404886,-72.8306717943119,13.623865338492,12.482417052492,2010.14917628698,2011.29062457298,3010000
1059,246,2.301623712,41.5929436688258,-77.3437753222776,41.6817,-77.3784,14.784040764492,12.482417052492,2010.14917628698,2012.45079999898,3010000
1060,244,1.313175426,41.6689787404886,-72.8306717943119,41.7499,-73.04,14.937040764492,13.623865338492,2011.29062457298,2012.60379999898,3010000
1060,245,1.403375426,41.6689787404886,-72.8306717943119,41.7022,-72.7492,15.027240764492,13.623865338492,2011.29062457298,2012.69399999898,3010000
1061,1062,0.482247902499999,41.3473656391101,-72.5841040262567,43.4385784561732,-72.7149370292199,13.455269479892,12.973021577392,2010.63978081188,2011.12202871438,3010000
1061,1063,0.5735353695,41.3473656391101,-72.5841040262567,41.69649023529,-72.9027916930654,13.546556946892,12.973021577392,2010.63978081188,2011.21331618138,3010000
1062,248,1.514571285,43.4385784561732,-72.7149370292199,41.3093,-72.4536,14.969840764892,13.455269479892,2011.12202871438,2012.63659999938,3010000
1062,247,1.500971285,43.4385784561732,-72.7149370292199,43.2082,-72.9233,14.956240764892,13.455269479892,2011.12202871438,2012.62299999938,3010000
1063,1064,4.022471156,41.69649023529,-72.9027916930654,41.7250572470032,-69.8551579169973,17.569028102892,13.546556946892,2011.21331618138,2015.23578733738,3010000
1063,1065,0.0163538478300005,41.69649023529,-72.9027916930654,41.7657118087845,-72.7383870260236,13.562910794722,13.546556946892,2011.21331618138,2011.22967002921,3010000
1064,249,0.3560126619,41.7250572470032,-69.8551579169973,41.7684,-70.8775,17.925040764792,17.569028102892,2015.23578733738,2015.59179999928,3010000
1064,250,0.432712661899998,41.7250572470032,-69.8551579169973,42.1297,-71.1836,18.001740764792,17.569028102892,2015.23578733738,2015.66849999928,3010000
1065,255,2.54022997,41.7657118087845,-72.7383870260236,42.5721,-71.4656,16.103140764722,13.562910794722,2011.22967002921,2013.76989999921,3010000
1065,1066,0.0249829829700001,41.7657118087845,-72.7383870260236,41.7735728948363,-72.8847890577692,13.587893777692,13.562910794722,2011.22967002921,2011.25465301218,3010000
1066,1068,0.0376055429799997,41.7735728948363,-72.8847890577692,41.7009804453763,-72.459844204199,13.625499320672,13.587893777692,2011.25465301218,2011.29225855516,3010000
1066,1067,0.0991013404499998,41.7735728948363,-72.8847890577692,41.81004781257,-72.9026901931203,13.686995118142,13.587893777692,2011.25465301218,2011.35375435263,3010000
1067,252,1.195445647,41.81004781257,-72.9026901931203,41.9893,-72.5603,14.882440765142,13.686995118142,2011.35375435263,2012.54919999963,3010000
1067,251,1.386645647,41.81004781257,-72.9026901931203,42.2072,-72.9417,15.073640765142,13.686995118142,2011.35375435263,2012.74039999963,3010000
1068,254,2.244741444,41.7009804453763,-72.459844204199,41.7398,-72.5036,15.870240764672,13.625499320672,2011.29225855516,2013.53699999916,3010000
1068,253,1.270541444,41.7009804453763,-72.459844204199,41.6652,-72.7673,14.896040764672,13.625499320672,2011.29225855516,2012.56279999916,3010000
1069,258,0.3413999364,41.8481163076493,-71.8850444646633,41.6723,-72.4706,14.844140764642,14.502740828242,2012.16950006273,2012.51089999913,3010000
1069,257,0.475299936400001,41.8481163076493,-71.8850444646633,42.2266,-73.0326,14.978040764642,14.502740828242,2012.16950006273,2012.64479999913,3010000
1070,1074,0.00383639163699989,41.4449779465074,-73.9526962479826,41.4450047093125,-73.9193830937224,4.152653421279,4.148817029642,2001.81557626413,2001.81941265577,3010000
1070,1071,1.028898299,41.4449779465074,-73.9526962479826,41.3876234714262,-73.8862138338375,5.177715328642,4.148817029642,2001.81557626413,2002.84447456313,3010000
1071,264,2.845925436,41.3876234714262,-73.8862138338375,41.5051,-74.8542,8.023640764642,5.177715328642,2002.84447456313,2005.69039999913,3010000
1071,1072,4.845891997,41.3876234714262,-73.8862138338375,42.4771463322322,-73.1442539026516,10.023607325642,5.177715328642,2002.84447456313,2007.69036656013,3010000
1072,263,4.932633439,42.4771463322322,-73.1442539026516,42.3068,-73.0427,14.956240764642,10.023607325642,2007.69036656013,2012.62299999913,3010000
1072,1073,0.00463443315999967,42.4771463322322,-73.1442539026516,42.4510397716728,-73.1244640204196,10.028241758802,10.023607325642,2007.69036656013,2007.69500099329,3010000
1073,262,1.987199006,42.4510397716728,-73.1244640204196,42.3246,-77.1102,12.015440764802,10.028241758802,2007.69500099329,2009.68219999929,3010000
1073,261,1.012699006,42.4510397716728,-73.1244640204196,42.246,-73.6011,11.040940764802,10.028241758802,2007.69500099329,2008.70769999929,3010000
1074,265,5.180587344,41.4450047093125,-73.9193830937224,41.5651,-124.078,9.333240765279,4.152653421279,2001.81941265577,2006.99999999977,3010000
1074,266,6.696987344,41.4450047093125,-73.9193830937224,41.1339,-74.4948,10.849640765279,4.152653421279,2001.81941265577,2008.51639999977,3010000
1075,270,9.817569347,41.5413560911096,-74.4646382110355,44.1847,-93.1139,14.876940765992,5.059371418992,2002.72613065348,2012.54370000048,3010000
1075,269,2.000669347,41.5413560911096,-74.4646382110355,41.5174,-73.8798,7.060040765992,5.059371418992,2002.72613065348,2004.72680000048,3010000
1076,271,5.875754654,42.4223782493774,-72.5475586307021,43.2303,-75.6917,10.051040765792,4.175286111792,2001.84204534628,2007.71780000028,3010000
1076,1077,0.0140249390099996,42.4223782493774,-72.5475586307021,42.4415690993936,-72.4733275913084,4.189311050802,4.175286111792,2001.84204534628,2001.85607028529,3010000
1077,272,0.861729714599999,42.4415690993936,-72.4733275913084,43.2634,-71.841,5.051040765402,4.189311050802,2001.85607028529,2002.71779999989,3010000
1077,1078,0.8815844238,42.4415690993936,-72.4733275913084,41.824860078039,-73.4843809707182,5.070895474602,4.189311050802,2001.85607028529,2002.73765470909,3010000
1078,1079,0.025808185979999,41.824860078039,-73.4843809707182,41.8173780367807,-73.5392482961537,5.096703660582,5.070895474602,2002.73765470909,2002.76346289507,3010000
1078,275,0.895245290799998,41.824860078039,-73.4843809707182,38.6419,-77.5724,5.966140765402,5.070895474602,2002.73765470909,2003.63289999989,3010000
1079,274,0.852937104899999,41.8173780367807,-73.5392482961537,43.3335,-71.8529,5.949640765482,5.096703660582,2002.76346289507,2003.61639999997,3010000
1079,273,0.869437104899999,41.8173780367807,-73.5392482961537,42.8333,-74.6898,5.966140765482,5.096703660582,2002.76346289507,2003.63289999997,3010000
1080,1081,0.0393673116900004,41.6517666772243,-74.3017197928902,41.0518730910029,-74.4354613731824,3.425439955462,3.386072643772,2001.05283187826,2001.09219918995,3010000
1080,1082,0.7669662162,41.6517666772243,-74.3017197928902,41.6670010338889,-73.8623536287381,4.153038859972,3.386072643772,2001.05283187826,2001.81979809446,3010000
1081,276,1.46670081,41.0518730910029,-74.4354613731824,39.5766,-76.6295,4.892140765462,3.425439955462,2001.09219918995,2002.55889999995,3010000
1081,277,1.57630081,41.0518730910029,-74.4354613731824,41.2945,-74.747,5.001740765462,3.425439955462,2001.09219918995,2002.66849999995,3010000
1082,279,3.728101905,41.6670010338889,-73.8623536287381,42.0561,-75.5851,7.881140764972,4.153038859972,2001.81979809446,2005.54789999946,3010000
1082,278,2.767601905,41.6670010338889,-73.8623536287381,44.3916,-72.9877,6.920640764972,4.153038859972,2001.81979809446,2004.58739999946,3010000
1083,1172,0.0176669985700002,40.7798258799559,-75.1164354336194,40.8076642647532,-75.0694727907441,3.43310977567,3.4154427771,2001.08220201159,2001.09986901016,3010000
1083,1084,0.777334559899998,40.7798258799559,-75.1164354336194,39.8756845584141,-76.6063856709564,4.192777337,3.4154427771,2001.08220201159,2001.85953657149,3010000
1084,1170,2.166726939,39.8756845584141,-76.6063856709564,39.8396551177497,-76.5856467440197,6.359504276,4.192777337,2001.85953657149,2004.02626351049,3010000
1084,1085,0.8576589796,39.8756845584141,-76.6063856709564,40.1488986214257,-75.7465553500265,5.0504363166,4.192777337,2001.85953657149,2002.71719555109,3010000
1085,1086,2.002421742,40.1488986214257,-75.7465553500265,40.2028892669332,-78.3702492788004,7.0528580586,5.0504363166,2002.71719555109,2004.71961729309,3010000
1085,1087,0.00599784279900106,40.1488986214257,-75.7465553500265,40.147679267673,-75.8025520905796,5.056434159399,5.0504363166,2002.71719555109,2002.72319339389,3010000
1086,281,2.800882706,40.2028892669332,-78.3702492788004,40.3173,-79.6099,9.8537407646,7.0528580586,2004.71961729309,2007.52049999909,3010000
1086,280,3.873282706,40.2028892669332,-78.3702492788004,39.886,-78.1604,10.9261407646,7.0528580586,2004.71961729309,2008.59289999909,3010000
1087,1091,0.0638800994600004,40.147679267673,-75.8025520905796,40.0443489270048,-74.8856063214019,5.120314258859,5.056434159399,2002.72319339389,2002.78707349335,3010000
1087,1088,0.0291653420499998,40.147679267673,-75.8025520905796,39.9899774800015,-76.4417203804231,5.085599501449,5.056434159399,2002.72319339389,2002.75235873594,3010000
1088,1089,1.140868159,39.9899774800015,-76.4417203804231,40.7444921999575,-79.2605712773618,6.226467660449,5.085599501449,2002.75235873594,2003.89322689494,3010000
1088,1090,0.0730140279500002,39.9899774800015,-76.4417203804231,39.9583546583747,-76.215122689235,5.158613529399,5.085599501449,2002.75235873594,2002.82537276389,3010000
1089,282,3.673873105,40.7444921999575,-79.2605712773618,38.4397,-92.0553,9.900340765449,6.226467660449,2003.89322689494,2007.56709999994,3010000
1089,283,2.701273105,40.7444921999575,-79.2605712773618,40.6036,-78.7316,8.927740765449,6.226467660449,2003.89322689494,2006.59449999994,3010000
1090,285,7.856827236,39.9583546583747,-76.215122689235,34.0389,-84.2013,13.015440765399,5.158613529399,2002.82537276389,2010.68219999989,3010000
1090,284,3.174627236,39.9583546583747,-76.215122689235,45.1916,-94.9046,8.333240765399,5.158613529399,2002.82537276389,2005.99999999989,3010000
1091,1092,1.072622945,40.0443489270048,-74.8856063214019,38.492439500097,-76.2050113892547,6.192937203859,5.120314258859,2002.78707349335,2003.85969643835,3010000
1091,1161,1.217954442,40.0443489270048,-74.8856063214019,38.4841886635692,-75.852388163085,6.338268700859,5.120314258859,2002.78707349335,2004.00502793535,3010000
1092,1158,0.1617344878,38.492439500097,-76.2050113892547,38.5804013054484,-76.410074702383,6.354671691659,6.192937203859,2003.85969643835,2004.02143092615,3010000
1092,1093,1.265020694,38.492439500097,-76.2050113892547,38.8758734440012,-79.5653522212167,7.457957897859,6.192937203859,2003.85969643835,2005.12471713235,3010000
1093,1094,2.358748988,38.8758734440012,-79.5653522212167,39.6316588282116,-78.539548363,9.816706885859,7.457957897859,2005.12471713235,2007.48346612035,3010000
1093,1146,0.675875640699999,38.8758734440012,-79.5653522212167,39.8153924576146,-83.6157950279859,8.133833538559,7.457957897859,2005.12471713235,2005.80059277305,3010000
1094,1095,0.000460566502399118,39.6316588282116,-78.539548363,39.6441161778999,-78.5847368991378,9.8171674523614,9.816706885859,2007.48346612035,2007.48392668685,3010000
1094,338,6.23433388,39.6316588282116,-78.539548363,43.6145,-74.2793,16.051040765859,9.816706885859,2007.48346612035,2013.71780000035,3010000
1095,1096,0.1260530801,39.6441161778999,-78.5847368991378,39.2587160790989,-79.5246838761231,9.9432205324614,9.8171674523614,2007.48392668685,2007.60997976695,3010000
1095,1104,0.0349563523,39.6441161778999,-78.5847368991378,39.5897349516774,-78.5516845513463,9.8521238046614,9.8171674523614,2007.48392668685,2007.51888303915,3010000
1096,1097,2.192650039,39.2587160790989,-79.5246838761231,38.9340233258675,-80.6055399992642,12.1358705714614,9.9432205324614,2007.60997976695,2009.80262980595,3010000
1096,1098,1.454432456,39.2587160790989,-79.5246838761231,38.5834957531991,-83.4096543256112,11.3976529884614,9.9432205324614,2007.60997976695,2009.06441222295,3010000
1097,287,2.738370194,38.9340233258675,-80.6055399992642,32.7776,-84.1936,14.8742407654614,12.1358705714614,2009.80262980595,2012.54099999995,3010000
1097,286,2.795770194,38.9340233258675,-80.6055399992642,37.8785,-83.7144,14.9316407654614,12.1358705714614,2009.80262980595,2012.59839999995,3010000
1098,294,2.699987777,38.5834957531991,-83.4096543256112,38.1651,-84.228,14.0976407654614,11.3976529884614,2009.06441222295,2011.76439999995,3010000
1098,1099,0.737319427699999,38.5834957531991,-83.4096543256112,38.1415474560052,-85.7536920569528,12.1349724161614,11.3976529884614,2009.06441222295,2009.80173165065,3010000
1099,1103,1.418818203,38.1415474560052,-85.7536920569528,38.1851209120272,-85.7561600999504,13.5537906191614,12.1349724161614,2009.80173165065,2011.22054985365,3010000
1099,1100,1.137585987,38.1415474560052,-85.7536920569528,39.3082436503853,-84.7083428047883,13.2725584031614,12.1349724161614,2009.80173165065,2010.93931763765,3010000
1100,291,1.721882363,39.3082436503853,-84.7083428047883,39.6826,-86.6474,14.9944407661614,13.2725584031614,2010.93931763765,2012.66120000065,3010000
1100,1101,0.305508187899999,39.3082436503853,-84.7083428047883,38.5460722234377,-85.1208554129927,13.5780665910614,13.2725584031614,2010.93931763765,2011.24482582555,3010000
1101,290,1.446474175,38.5460722234377,-85.1208554129927,38.6536,-85.6756,15.0245407660614,13.5780665910614,2011.24482582555,2012.69130000055,3010000
1101,1102,0.488537985300001,38.5460722234377,-85.1208554129927,38.6769910281299,-84.6872418487435,14.0666045763614,13.5780665910614,2011.24482582555,2011.73336381085,3010000
1102,289,0.908736189400001,38.6769910281299,-84.6872418487435,38.8334,-84.8719,14.9753407657614,14.0666045763614,2011.73336381085,2012.64210000025,3010000
1102,288,0.8841361894,38.6769910281299,-84.6872418487435,38.5853,-84.7228,14.9507407657614,14.0666045763614,2011.73336381085,2012.61750000025,3010000
1103,293,3.280850147,38.1851209120272,-85.7561600999504,39.6104,-83.1188,16.8346407661614,13.5537906191614,2011.22054985365,2014.50140000065,3010000
1103,292,2.456150147,38.1851209120272,-85.7561600999504,38.4132,-86.4259,16.0099407661614,13.5537906191614,2011.22054985365,2013.67670000065,3010000
1104,1105,0.319443998800001,39.5897349516774,-78.5516845513463,39.9198762949993,-79.247900280302,10.1715678034614,9.8521238046614,2007.51888303915,2007.83832703795,3010000
1104,1145,0.00752384442900045,39.5897349516774,-78.5516845513463,39.7387084687379,-78.2818430516481,9.8596476490904,9.8521238046614,2007.51888303915,2007.52640688358,3010000
1105,1106,1.485889319,39.9198762949993,-79.247900280302,39.4495980890274,-78.4195588533433,11.6574571224614,10.1715678034614,2007.83832703795,2009.32421635695,3010000
1105,335,1.906872963,39.9198762949993,-79.247900280302,40.0889,-78.6987,12.0784407664614,10.1715678034614,2007.83832703795,2009.74520000095,3010000
1106,1131,0.0781224480699994,39.4495980890274,-78.4195588533433,39.4959245077846,-78.2926748217928,11.7355795705314,11.6574571224614,2009.32421635695,2009.40233880502,3010000
1106,1107,0.0512534570999996,39.4495980890274,-78.4195588533433,39.4620442495941,-78.3716125645649,11.7087105795614,11.6574571224614,2009.32421635695,2009.37546981405,3010000
1107,1130,0.748157750400001,39.4620442495941,-78.3716125645649,39.2279544838425,-78.5857664128018,12.4568683299614,11.7087105795614,2009.37546981405,2010.12362756445,3010000
1107,1108,0.0614921686799992,39.4620442495941,-78.3716125645649,38.2193302057745,-76.9146087514985,11.7702027482414,11.7087105795614,2009.37546981405,2009.43696198273,3010000
1108,1113,0.0146159156200003,38.2193302057745,-76.9146087514985,38.1045683288873,-77.1617881413578,11.7848186638614,11.7702027482414,2009.43696198273,2009.45157789835,3010000
1108,1109,0.4118378165,38.2193302057745,-76.9146087514985,37.9570890226592,-77.4872738658781,12.1820405647414,11.7702027482414,2009.43696198273,2009.84879979923,3010000
1109,1110,0.7769964449,37.9570890226592,-77.4872738658781,37.9741567843397,-77.1761431871105,12.9590370096414,12.1820405647414,2009.84879979923,2010.62579624413,3010000
1109,295,2.730400201,37.9570890226592,-77.4872738658781,38.924,-81.2906,14.9124407657414,12.1820405647414,2009.84879979923,2012.57920000023,3010000
1110,1111,0.6090852496,37.9741567843397,-77.1761431871105,36.7526959169661,-77.7873660543756,13.5681222592414,12.9590370096414,2010.62579624413,2011.23488149373,3010000
1110,296,0.0208037562700003,37.9741567843397,-77.1761431871105,37.9631,-77.1694,12.9798407659114,12.9590370096414,2010.62579624413,2010.6466000004,3010000
1111,299,1.344318507,36.7526959169661,-77.7873660543756,36.9215,-76.9646,14.9124407662414,13.5681222592414,2011.23488149373,2012.57920000073,3010000
1111,1112,0.0374195429499995,36.7526959169661,-77.7873660543756,36.625024356865,-77.5782548308878,13.6055418021914,13.5681222592414,2011.23488149373,2011.27230103668,3010000
1112,298,2.382498964,36.625024356865,-77.5782548308878,35.7365,-79.3686,15.9880407661914,13.6055418021914,2011.27230103668,2013.65480000068,3010000
1112,297,4.398898964,36.625024356865,-77.5782548308878,36.9095,-77.6183,18.0044407661914,13.6055418021914,2011.27230103668,2015.67120000068,3010000
1113,1127,0.3496859331,38.1045683288873,-77.1617881413578,37.6324153093207,-77.6377073993645,12.1345045969614,11.7848186638614,2009.45157789835,2009.80126383145,3010000
1113,1114,0.00410163802400021,38.1045683288873,-77.1617881413578,37.9834876697695,-77.0726751882264,11.7889203018854,11.7848186638614,2009.45157789835,2009.45567953637,3010000
1114,1115,0.3435879547,37.9834876697695,-77.0726751882264,37.3275946002998,-76.9496789063626,12.1325082565854,11.7889203018854,2009.45567953637,2009.79926749107,3010000
1114,1122,0.3909987348,37.9834876697695,-77.0726751882264,36.6255316587271,-83.1185529214999,12.1799190366854,11.7889203018854,2009.45567953637,2009.84667827117,3010000
1115,1116,1.40884489,37.3275946002998,-76.9496789063626,38.071860377155,-79.5126253337068,13.5413531465854,12.1325082565854,2009.79926749107,2011.20811238107,3010000
1115,1119,1.383743122,37.3275946002998,-76.9496789063626,38.3911052605872,-77.879523671233,13.5162513785854,12.1325082565854,2009.79926749107,2011.18301061307,3010000
1116,1118,0.1515571495,38.071860377155,-79.5126253337068,38.1567727767163,-79.7891451138399,13.6929102960854,13.5413531465854,2011.20811238107,2011.35966953057,3010000
1116,1117,0.966330961200001,38.071860377155,-79.5126253337068,38.3152503201324,-78.8886403729334,14.5076841077854,13.5413531465854,2011.20811238107,2012.17444334227,3010000
1117,301,1.499556658,38.3152503201324,-78.8886403729334,38.5674,-78.4677,16.0072407657854,14.5076841077854,2012.17444334227,2013.67400000027,3010000
1117,300,1.535156658,38.3152503201324,-78.8886403729334,35.5762,-79.5905,16.0428407657854,14.5076841077854,2012.17444334227,2013.70960000027,3010000
1118,303,2.369130469,38.1567727767163,-79.7891451138399,38.1881,-79.2327,16.0620407650854,13.6929102960854,2011.35966953057,2013.72879999957,3010000
1118,302,3.086930469,38.1567727767163,-79.7891451138399,38.447,-77.8741,16.7798407650854,13.6929102960854,2011.35966953057,2014.44659999957,3010000
1119,1120,0.00599676556199924,38.3911052605872,-77.879523671233,38.3844060593459,-77.9855570010572,13.5222481441474,13.5162513785854,2011.18301061307,2011.18900737864,3010000
1119,307,1.415389387,38.3911052605872,-77.879523671233,40.9202,-105.9054,14.9316407655854,13.5162513785854,2011.18301061307,2012.59840000007,3010000
1120,304,2.465792622,38.3844060593459,-77.9855570010572,38.667,-77.9828,15.9880407661474,13.5222481441474,2011.18900737864,2013.65480000064,3010000
1120,1121,0.0198595284199996,38.3844060593459,-77.9855570010572,38.2739586140383,-77.4707110997908,13.5421076725674,13.5222481441474,2011.18900737864,2011.20886690705,3010000
1121,306,2.385633093,38.2739586140383,-77.4707110997908,37.3662,-80.6762,15.9277407655674,13.5421076725674,2011.20886690705,2013.59450000005,3010000
1121,305,2.330833093,38.2739586140383,-77.4707110997908,37.9478,-77.1156,15.8729407655674,13.5421076725674,2011.20886690705,2013.53970000006,3010000
1122,313,3.731421729,36.6255316587271,-83.1185529214999,34.5402,-90.3119,15.9113407656854,12.1799190366854,2009.84667827117,2013.57810000017,3010000
1122,1123,0.0996781090300001,36.6255316587271,-83.1185529214999,36.684734792276,-83.2483598367427,12.2795971457154,12.1799190366854,2009.84667827117,2009.9463563802,3010000
1123,1124,0.151179925199999,36.684734792276,-83.2483598367427,38.003868089394,-78.5248577475341,12.4307770709154,12.2795971457154,2009.9463563802,2010.0975363054,3010000
1123,1125,1.405464505,36.684734792276,-83.2483598367427,36.4834622698947,-83.3661491416726,13.6850616507154,12.2795971457154,2009.9463563802,2011.3518208852,3010000
1124,309,2.478963695,38.003868089394,-78.5248577475341,39.278,-80.9046,14.9097407659154,12.4307770709154,2010.0975363054,2012.5765000004,3010000
1124,308,2.582763695,38.003868089394,-78.5248577475341,37.9502,-79.5174,15.0135407659154,12.4307770709154,2010.0975363054,2012.6803000004,3010000
1125,1126,0.1358178625,36.4834622698947,-83.3661491416726,36.5437728018786,-83.5622653942546,13.8208795132154,13.6850616507154,2011.3518208852,2011.4876387477,3010000
1125,312,2.360479115,36.4834622698947,-83.3661491416726,38.8684,-99.4709,16.0455407657154,13.6850616507154,2011.3518208852,2013.7123000002,3010000
1126,311,1.129861253,36.5437728018786,-83.5622653942546,35.6184,-83.7097,14.9507407662154,13.8208795132154,2011.4876387477,2012.6175000007,3010000
1126,310,1.061561253,36.5437728018786,-83.5622653942546,35.4898,-83.8583,14.8824407662154,13.8208795132154,2011.4876387477,2012.5492000007,3010000
1127,1128,0.0327507808699998,37.6324153093207,-77.6377073993645,36.8698744161425,-78.744224403843,12.1672553778314,12.1345045969614,2009.80126383145,2009.83401461232,3010000
1127,1129,0.0565925158499994,37.6324153093207,-77.6377073993645,36.8119987748115,-74.8151671848921,12.1910971128114,12.1345045969614,2009.80126383145,2009.8578563473,3010000
1128,315,3.807085388,36.8698744161425,-78.744224403843,36.791,-77.632,15.9743407658314,12.1672553778314,2009.83401461232,2013.64110000032,3010000
1128,314,3.919385388,36.8698744161425,-78.744224403843,36.5271,-76.971,16.0866407658314,12.1672553778314,2009.83401461232,2013.75340000032,3010000
1129,317,3.701043653,36.8119987748115,-74.8151671848921,36.8102,-77.7688,15.8921407658114,12.1910971128114,2009.8578563473,2013.5589000003,3010000
1129,316,4.810643653,36.8119987748115,-74.8151671848921,35.9693,-76.1461,17.0017407658114,12.1910971128114,2009.8578563473,2014.6685000003,3010000
1130,318,3.572272436,39.2279544838425,-78.5857664128018,37.9241,-78.5239,16.0291407659614,12.4568683299614,2010.12362756445,2013.69590000045,3010000
1130,319,3.511972436,39.2279544838425,-78.5857664128018,34.2423,-79.7526,15.9688407659614,12.4568683299614,2010.12362756445,2013.63560000045,3010000
1131,1132,0.6478372294,39.4959245077846,-78.2926748217928,34.5495760909859,-95.0637068623889,12.3834167999314,11.7355795705314,2009.40233880502,2010.05017603442,3010000
1131,1140,0.3381020334,39.4959245077846,-78.2926748217928,39.3471780839684,-78.061606072234,12.0736816039314,11.7355795705314,2009.40233880502,2009.74044083842,3010000
1132,1133,0.0287027044000006,34.5495760909859,-95.0637068623889,34.125733178875,-94.423815161069,12.4121195043314,12.3834167999314,2010.05017603442,2010.07887873882,3010000
1132,1136,0.000274431480999482,34.5495760909859,-95.0637068623889,34.5511894464865,-95.0634028461313,12.3836912314124,12.3834167999314,2010.05017603442,2010.0504504659,3010000
1133,1134,1.688673804,34.125733178875,-94.423815161069,35.5442475603721,-95.8867246468856,14.1007933083314,12.4121195043314,2010.07887873882,2011.76755254282,3010000
1133,1135,1.209943922,34.125733178875,-94.423815161069,34.1148728543618,-94.5242746973665,13.6220634263314,12.4121195043314,2010.07887873882,2011.28882266082,3010000
1134,321,0.8554474575,35.5442475603721,-95.8867246468856,35.0947,-96.7494,14.9562407658314,14.1007933083314,2011.76755254282,2012.62300000032,3010000
1134,320,3.668047458,35.5442475603721,-95.8867246468856,37.7021,-88.8653,17.7688407663314,14.1007933083314,2011.76755254282,2015.43560000082,3010000
1135,322,1.21117734,34.1148728543618,-94.5242746973665,33.9155,-94.9724,14.8332407663314,13.6220634263314,2011.28882266082,2012.50000000082,3010000
1135,323,1.21387734,34.1148728543618,-94.5242746973665,35.0863,-97.0956,14.8359407663314,13.6220634263314,2011.28882266082,2012.50270000082,3010000
1136,1137,0.621603177300001,34.5511894464865,-95.0634028461313,34.1313648555166,-95.2728258611477,13.0052944087124,12.3836912314124,2010.0504504659,2010.6720536432,3010000
1136,1139,0.206661609999999,34.5511894464865,-95.0634028461313,34.5767714504558,-95.1042476443827,12.5903528414124,12.3836912314124,2010.0504504659,2010.2571120759,3010000
1137,326,1.852546357,34.1313648555166,-95.2728258611477,33.1245,-93.3636,14.8578407657124,13.0052944087124,2010.6720536432,2012.5246000002,3010000
1137,1138,0.7758877418,34.1313648555166,-95.2728258611477,34.5800121144858,-97.1991441169463,13.7811821505124,13.0052944087124,2010.6720536432,2011.447941385,3010000
1138,325,5.199558615,34.5800121144858,-97.1991441169463,30.369,-92.9157,18.9807407655124,13.7811821505124,2011.447941385,2016.6475,3010000
1138,324,1.322558615,34.5800121144858,-97.1991441169463,35.1073,-96.8992,15.1037407655124,13.7811821505124,2011.447941385,2012.7705,3010000
1139,328,2.245587925,34.5767714504558,-95.1042476443827,34.5457,-95.9739,14.8359407664124,12.5903528414124,2010.2571120759,2012.5027000009,3010000
1139,327,2.398587925,34.5767714504558,-95.1042476443827,35.3041,-97.3424,14.9889407664124,12.5903528414124,2010.2571120759,2012.6557000009,3010000
1140,1141,0.3405132636,39.3471780839684,-78.061606072234,39.8259972602146,-80.1711160088414,12.4141948675314,12.0736816039314,2009.74044083842,2010.08095410202,3010000
1140,1143,0.368095991000001,39.3471780839684,-78.061606072234,39.6887540393455,-80.2818831358331,12.4417775949314,12.0736816039314,2009.74044083842,2010.10853682942,3010000
1141,1142,0.0273587269399993,39.8259972602146,-80.1711160088414,39.8937804882768,-80.1885567711301,12.4415535944714,12.4141948675314,2010.08095410202,2010.10831282896,3010000
1141,329,5.516345898,39.8259972602146,-80.1711160088414,40.329,-82.7931,17.9305407655314,12.4141948675314,2010.08095410202,2015.59730000002,3010000
1142,330,4.617687171,39.8937804882768,-80.1885567711301,39.3272,-87.2318,17.0592407654714,12.4415535944714,2010.10831282896,2014.72599999996,3010000
1142,331,2.353387171,39.8937804882768,-80.1885567711301,40.4131,-82.2619,14.7949407654714,12.4415535944714,2010.10831282896,2012.46169999996,3010000
1143,334,3.587363171,39.6887540393455,-80.2818831358331,38.0817,-78.8364,16.0291407659314,12.4417775949314,2010.10853682942,2013.69590000042,3010000
1143,1144,0.746766468900001,39.6887540393455,-80.2818831358331,39.9775392440195,-80.9107919459313,13.1885440638314,12.4417775949314,2010.10853682942,2010.85530329832,3010000
1144,333,1.745796702,39.9775392440195,-80.9107919459313,40.7516,-82.5373,14.9343407658314,13.1885440638314,2010.85530329832,2012.60110000032,3010000
1144,332,2.761096702,39.9775392440195,-80.9107919459313,39.4161,-81.6045,15.9496407658314,13.1885440638314,2010.85530329832,2013.61640000032,3010000
1145,337,4.139393117,39.7387084687379,-78.2818430516481,39.7841,-77.6824,13.9990407660904,9.8596476490904,2007.52640688358,2011.66580000058,3010000
1145,336,3.180393117,39.7387084687379,-78.2818430516481,40.1248,-77.3399,13.0400407660904,9.8596476490904,2007.52640688358,2010.70680000058,3010000
1146,1156,1.874084265,39.8153924576146,-83.6157950279859,42.2514990397991,-79.7763608494688,10.007917803559,8.133833538559,2005.80059277305,2007.67467703805,3010000
1146,1147,2.025759654,39.8153924576146,-83.6157950279859,39.9704027556373,-82.7934382369937,10.159593192559,8.133833538559,2005.80059277305,2007.82635242705,3010000
1147,1149,1.989150785,39.9704027556373,-82.7934382369937,38.6497786673847,-80.5915964570921,12.148743977559,10.159593192559,2007.82635242705,2009.81550321205,3010000
1147,1148,2.386246053,39.9704027556373,-82.7934382369937,40.1082752056716,-82.9230875665885,12.545839245559,10.159593192559,2007.82635242705,2010.21259848005,3010000
1148,339,0.2970015193,40.1082752056716,-82.9230875665885,38.7446,-79.7671,12.842840764859,12.545839245559,2010.21259848005,2010.50959999935,3010000
1148,340,2.467701519,40.1082752056716,-82.9230875665885,40.1994,-76.257,15.013540764559,12.545839245559,2010.21259848005,2012.68029999905,3010000
1149,1150,1.03989792,38.6497786673847,-80.5915964570921,38.1597265670368,-78.8181383732131,13.188641897559,12.148743977559,2009.81550321205,2010.85540113205,3010000
1149,1152,0.0538885447799995,38.6497786673847,-80.5915964570921,38.2663462408382,-80.6165911361706,12.202632522339,12.148743977559,2009.81550321205,2009.86939175683,3010000
1150,1151,1.420058084,38.1597265670368,-78.8181383732131,38.0832522931491,-78.5307980999427,14.608699981559,13.188641897559,2010.85540113205,2012.27545921605,3010000
1150,341,3.854198868,38.1597265670368,-78.8181383732131,38.4156,-79.7981,17.042840765559,13.188641897559,2010.85540113205,2014.70960000005,3010000
1151,343,0.306540783799999,38.0832522931491,-78.5307980999427,37.7363,-78.4817,14.915240765359,14.608699981559,2012.27545921605,2012.58199999985,3010000
1151,342,0.418540783799999,38.0832522931491,-78.5307980999427,38.3079,-79.5209,15.027240765359,14.608699981559,2012.27545921605,2012.69399999985,3010000
1152,1153,2.334478005,38.2663462408382,-80.6165911361706,39.5892297161396,-78.3358697815288,14.537110527339,12.202632522339,2009.86939175683,2012.20386976183,3010000
1152,1154,0.2491769229,38.2663462408382,-80.6165911361706,38.76719271119,-80.6972433931892,12.451809445239,12.202632522339,2009.86939175683,2010.11856867973,3010000
1153,344,0.4218302377,39.5892297161396,-78.3358697815288,38.6966,-79.4197,14.958940765039,14.537110527339,2012.20386976183,2012.62569999953,3010000
1153,345,0.419130237699999,39.5892297161396,-78.3358697815288,40.6299,-79.9262,14.956240765039,14.537110527339,2012.20386976183,2012.62299999953,3010000
1154,1155,0.710858803300001,38.76719271119,-80.6972433931892,38.7317803164266,-80.6298919527196,13.162668248539,12.451809445239,2010.11856867973,2010.82942748303,3010000
1154,346,2.39233132,38.76719271119,-80.6972433931892,38.5301,-79.365,14.844140765239,12.451809445239,2010.11856867973,2012.51089999973,3010000
1155,348,1.826272516,38.7317803164266,-80.6298919527196,38.435,-81.4045,14.988940764539,13.162668248539,2010.82942748303,2012.65569999903,3010000
1155,347,0.7376725164,38.7317803164266,-80.6298919527196,38.8284,-79.795,13.900340764939,13.162668248539,2010.82942748303,2011.56709999943,3010000
1156,349,2.015722962,42.2514990397991,-79.7763608494688,41.8558,-79.5156,12.023640765559,10.007917803559,2007.67467703805,2009.69040000005,3010000
1156,1157,1.736293337,42.2514990397991,-79.7763608494688,42.2815511948662,-79.6458015563837,11.744211140559,10.007917803559,2007.67467703805,2009.41097037505,3010000
1157,350,1.287629626,42.2815511948662,-79.6458015563837,45.071,-94.4734,13.031840766559,11.744211140559,2009.41097037505,2010.69860000105,3010000
1157,351,3.228329626,42.2815511948662,-79.6458015563837,36.8372,-108.8676,14.972540766559,11.744211140559,2009.41097037505,2012.63930000105,3010000
1158,352,3.693669074,38.5804013054484,-76.410074702383,38.3501,-77.0433,10.048340765659,6.354671691659,2004.02143092615,2007.71510000015,3010000
1158,1159,1.352526188,38.5804013054484,-76.410074702383,39.1333753107667,-76.985256754717,7.707197879659,6.354671691659,2004.02143092615,2005.37395711415,3010000
1159,1160,2.102895595,39.1333753107667,-76.985256754717,39.1249606842965,-76.4393506168061,9.810093474659,7.707197879659,2005.37395711415,2007.47685270915,3010000
1159,355,1.250742885,39.1333753107667,-76.985256754717,39.1506,-77.1316,8.957940764659,7.707197879659,2005.37395711415,2006.62469999915,3010000
1160,354,4.16694729,39.1249606842965,-76.4393506168061,40.1993,-112.1971,13.977040764659,9.810093474659,2007.47685270915,2011.64379999915,3010000
1160,353,4.26014729,39.1249606842965,-76.4393506168061,40.4273,-112.8406,14.070240764659,9.810093474659,2007.47685270915,2011.73699999915,3010000
1161,1162,0.129037741400001,38.4841886635692,-75.852388163085,38.4134834076475,-75.8851061401702,6.467306442259,6.338268700859,2004.00502793535,2004.13406567675,3010000
1161,356,4.743572064,38.4841886635692,-75.852388163085,38.2385,-82.5079,11.081840764859,6.338268700859,2004.00502793535,2008.74859999935,3010000
1162,365,6.433034323,38.4134834076475,-75.8851061401702,40.6904,-77.0424,12.900340765259,6.467306442259,2004.13406567675,2010.56709999975,3010000
1162,1163,3.07331587,38.4134834076475,-75.8851061401702,38.3540840594639,-75.9106857005823,9.540622312259,6.467306442259,2004.13406567675,2007.20738154675,3010000
1163,364,5.314518453,38.3540840594639,-75.9106857005823,38.0616,-75.4213,14.855140765259,9.540622312259,2007.20738154675,2012.52189999975,3010000
1163,1164,1.876459255,38.3540840594639,-75.9106857005823,38.1911784457946,-75.8333543092202,11.417081567259,9.540622312259,2007.20738154675,2009.08384080175,3010000
1164,1165,0.176953402100001,38.1911784457946,-75.8333543092202,38.1987352088433,-74.9126483285578,11.594034969359,11.417081567259,2009.08384080175,2009.26079420385,3010000
1164,357,0.5873591975,38.1911784457946,-75.8333543092202,38.0305,-75.5334,12.004440764759,11.417081567259,2009.08384080175,2009.67119999925,3010000
1165,358,0.3940057954,38.1987352088433,-74.9126483285578,38.3649,-75.9502,11.988040764759,11.594034969359,2009.26079420385,2009.65479999925,3010000
1165,1166,0.1966698761,38.1987352088433,-74.9126483285578,38.0112656601262,-74.9699845481823,11.790704845459,11.594034969359,2009.26079420385,2009.45746407995,3010000
1166,1167,0.2612939787,38.0112656601262,-74.9699845481823,38.1187066629488,-74.6485871931797,12.051998824159,11.790704845459,2009.45746407995,2009.71875805865,3010000
1166,363,0.2493359193,38.0112656601262,-74.9699845481823,38.4421,-76.1019,12.040040764759,11.790704845459,2009.45746407995,2009.70679999925,3010000
1167,1168,1.524316585,38.1187066629488,-74.6485871931797,38.070695727779,-75.315204681593,13.576315409159,12.051998824159,2009.71875805865,2011.24307464365,3010000
1167,359,0.867541940600001,38.1187066629488,-74.6485871931797,38.3067,-75.6535,12.919540764759,12.051998824159,2009.71875805865,2010.58629999925,3010000
1168,1169,0.0677277412800006,38.070695727779,-75.315204681593,38.0108237474674,-75.3869299307663,13.644043150439,13.576315409159,2011.24307464365,2011.31080238493,3010000
1168,362,0.463725355199999,38.070695727779,-75.315204681593,38.1811,-75.3224,14.040040764359,13.576315409159,2011.24307464365,2011.70679999885,3010000
1169,361,1.213797614,38.0108237474674,-75.3869299307663,37.6809,-77.6594,14.857840764439,13.644043150439,2011.31080238493,2012.52459999893,3010000
1169,360,0.242597613999999,38.0108237474674,-75.3869299307663,38.2192,-75.4278,13.886640764439,13.644043150439,2011.31080238493,2011.55339999893,3010000
1170,366,1.62033649,39.8396551177497,-76.5856467440197,39.7908,-84.3716,7.979840766,6.359504276,2004.02626351049,2005.64660000049,3010000
1170,1171,3.634254753,39.8396551177497,-76.5856467440197,40.1353196839868,-76.5875801271366,9.993759029,6.359504276,2004.02626351049,2007.66051826349,3010000
1171,368,1.339481737,40.1353196839868,-76.5875801271366,44.48,-74.7181,11.333240766,9.993759029,2007.66051826349,2009.00000000049,3010000
1171,367,0.9596817366,40.1353196839868,-76.5875801271366,40.0062,-74.862,10.9534407656,9.993759029,2007.66051826349,2008.62020000009,3010000
1172,1173,6.935950466,40.8076642647532,-75.0694727907441,39.4536857458486,-80.7387211806161,10.36906024167,3.43310977567,2001.09986901016,2008.03581947616,3010000
1172,371,10.50563099,40.8076642647532,-75.0694727907441,40.1251,-78.5031,13.93874076567,3.43310977567,2001.09986901016,2011.60550000016,3010000
1173,370,4.466880523,39.4536857458486,-80.7387211806161,38.3417,-84.1244,14.83594076467,10.36906024167,2008.03581947616,2012.50269999916,3010000
1173,369,5.465580523,39.4536857458486,-80.7387211806161,38.1078,-83.8226,15.83464076467,10.36906024167,2008.03581947616,2013.50139999916,3010000
1174,1175,0.0437668189600018,42.2377561456669,-74.0348043774037,42.289043330272,-74.0712460514354,2.35826507478,2.31449825582,1999.98125749031,2000.02502430927,3010000
1174,1268,0.0270821561700032,42.2377561456669,-74.0348043774037,42.2743107016129,-73.9977398656148,2.34158041199,2.31449825582,1999.98125749031,2000.00833964648,3010000
1175,1176,0.177163217099999,42.289043330272,-74.0712460514354,42.0895526071348,-82.8888057431438,2.53542829188,2.35826507478,2000.02502430927,2000.20218752637,3010000
1175,1245,0.125085112400001,42.289043330272,-74.0712460514354,42.3987829815375,-73.9590261951213,2.48335018718,2.35826507478,2000.02502430927,2000.15010942167,3010000
1176,1177,0.782907298700001,42.0895526071348,-82.8888057431438,42.1895570704367,-82.6994458365941,3.31833559058,2.53542829188,2000.20218752637,2000.98509482507,3010000
1176,441,9.403312473,42.0895526071348,-82.8888057431438,41.4066,-72.1361,11.93874076488,2.53542829188,2000.20218752637,2009.60549999937,3010000
1177,1242,0.06611172659,42.1895570704367,-82.6994458365941,42.2108762100476,-82.6726158514154,3.38444731717,3.31833559058,2000.98509482507,2001.05120655166,3010000
1177,1178,0.0983071074400002,42.1895570704367,-82.6994458365941,42.1377716720543,-83.7884157852429,3.41664269802,3.31833559058,2000.98509482507,2001.08340193251,3010000
1178,372,0.916598067200001,42.1377716720543,-83.7884157852429,45.6643,-103.4291,4.33324076522,3.41664269802,2001.08340193251,2001.99999999971,3010000
1178,1179,0.155288758199999,42.1377716720543,-83.7884157852429,39.3371803517895,-90.0662006951131,3.57193145622,3.41664269802,2001.08340193251,2001.23869069071,3010000
1179,1180,0.4131509925,39.3371803517895,-90.0662006951131,39.3989333960856,-90.164298619555,3.98508244872,3.57193145622,2001.23869069071,2001.65184168321,3010000
1179,436,7.337809309,39.3371803517895,-90.0662006951131,46.2582,-110.6189,10.90974076522,3.57193145622,2001.23869069071,2008.57649999971,3010000
1180,1240,1.290089221,39.3989333960856,-90.164298619555,39.3797672204586,-90.1794180605806,5.27517166972,3.98508244872,2001.65184168321,2002.94193090421,3010000
1180,1181,0.141603007700001,39.3989333960856,-90.164298619555,42.8920763237993,-98.0469443889007,4.12668545642,3.98508244872,2001.65184168321,2001.79344469091,3010000
1181,1210,0.0099094673579998,42.8920763237993,-98.0469443889007,42.8927431591014,-97.8998267428611,4.136594923778,4.12668545642,2001.79344469091,2001.80335415827,3010000
1181,1182,0.0787711264999995,42.8920763237993,-98.0469443889007,43.3066840237118,-98.4822849936561,4.20545658292,4.12668545642,2001.79344469091,2001.87221581741,3010000
1182,1183,0.0660864735500013,43.3066840237118,-98.4822849936561,43.6489908203525,-98.7433964928671,4.27154305647,4.20545658292,2001.87221581741,2001.93830229096,3010000
1182,401,2.310884182,43.3066840237118,-98.4822849936561,39.8791,-94.2906,6.51634076492,4.20545658292,2001.87221581741,2004.18309999941,3010000
1183,373,1.061697709,43.6489908203525,-98.7433964928671,39.6853,-94.2534,5.33324076547,4.27154305647,2001.93830229096,2002.99999999996,3010000
1183,1184,0.00391393219300085,43.6489908203525,-98.7433964928671,43.8083091436191,-98.700049326331,4.275456988663,4.27154305647,2001.93830229096,2001.94221622315,3010000
1184,400,1.057783777,43.8083091436191,-98.700049326331,39.6758,-94.1075,5.333240765663,4.275456988663,2001.94221622315,2003.00000000015,3010000
1184,1185,0.7733207516,43.8083091436191,-98.700049326331,44.3763207449552,-99.2182295746658,5.048777740263,4.275456988663,2001.94221622315,2002.71553697475,3010000
1185,1186,0.0127497665699998,44.3763207449552,-99.2182295746658,45.0888595978171,-99.9160509064128,5.061527506833,5.048777740263,2002.71553697475,2002.72828674132,3010000
1185,1196,0.0132204308599988,44.3763207449552,-99.2182295746658,44.6220975741341,-99.2304046624338,5.061998171123,5.048777740263,2002.71553697475,2002.72875740561,3010000
1186,1187,0.132676606699999,45.0888595978171,-99.9160509064128,45.3566799301255,-100.021822151845,5.194204113533,5.061527506833,2002.72828674132,2002.86096334802,3010000
1186,1188,0.0324323723199988,45.0888595978171,-99.9160509064128,44.9728467355653,-100.320927689905,5.093959879153,5.061527506833,2002.72828674132,2002.76071911364,3010000
1187,375,8.245836652,45.3566799301255,-100.021822151845,43.4215,-102.0502,13.440040765533,5.194204113533,2002.86096334802,2011.10680000002,3010000
1187,374,4.870536652,45.3566799301255,-100.021822151845,45.1106,-100.0624,10.064740765533,5.194204113533,2002.86096334802,2007.73150000002,3010000
1188,1194,0.0253067754999989,44.9728467355653,-100.320927689905,44.7553049259781,-100.207470300192,5.119266654653,5.093959879153,2002.76071911364,2002.78602588914,3010000
1188,1189,0.00594234472599986,44.9728467355653,-100.320927689905,44.8825348612596,-100.29117450944,5.099902223879,5.093959879153,2002.76071911364,2002.76666145837,3010000
1189,376,2.915538541,44.8825348612596,-100.29117450944,42.006,-91.895,8.015440764879,5.099902223879,2002.76666145837,2005.68219999937,3010000
1189,1190,0.9654323085,44.8825348612596,-100.29117450944,45.2562903560115,-99.4884538548676,6.065334532379,5.099902223879,2002.76666145837,2003.73209376687,3010000
1190,1192,0.183124923899999,45.2562903560115,-99.4884538548676,45.3855145767766,-99.6268569640497,6.248459456279,6.065334532379,2003.73209376687,2003.91521869077,3010000
1190,1191,2.433522411,45.2562903560115,-99.4884538548676,45.4093762536041,-98.8437099289604,8.498856943379,6.065334532379,2003.73209376687,2006.16561617787,3010000
1191,378,3.015183822,45.4093762536041,-98.8437099289604,45.2149,-100.038,11.514040765379,8.498856943379,2006.16561617787,2009.18079999987,3010000
1191,377,5.656283822,45.4093762536041,-98.8437099289604,47.5877,-104.8011,14.155140765379,8.498856943379,2006.16561617787,2011.82189999987,3010000
1192,379,1.575181309,45.3855145767766,-99.6268569640497,44.9849,-100.6716,7.823640765279,6.248459456279,2003.91521869077,2005.49039999977,3010000
1192,1193,0.0693079398799998,45.3855145767766,-99.6268569640497,45.1981055875526,-100.662505001049,6.317767396159,6.248459456279,2003.91521869077,2003.98452663065,3010000
1193,381,1.549673369,45.1981055875526,-100.662505001049,44.4251,-101.3562,7.867440765159,6.317767396159,2003.98452663065,2005.53419999965,3010000
1193,380,1.656573369,45.1981055875526,-100.662505001049,45.2008,-100.2415,7.974340765159,6.317767396159,2003.98452663065,2005.64109999965,3010000
1194,382,2.783874111,44.7553049259781,-100.207470300192,44.9403,-100.3313,7.903140765653,5.119266654653,2002.78602588914,2005.56990000014,3010000
1194,1195,0.00667377309400052,44.7553049259781,-100.207470300192,44.7146232687371,-100.176329712923,5.125940427747,5.119266654653,2002.78602588914,2002.79269966223,3010000
1195,383,0.2073003375,44.7146232687371,-100.176329712923,44.999,-100.7537,5.333240765247,5.125940427747,2002.79269966223,2002.99999999973,3010000
1195,384,2.749800338,44.7146232687371,-100.176329712923,45.0846,-101.1711,7.875740765747,5.125940427747,2002.79269966223,2005.54250000023,3010000
1196,399,2.915042594,44.6220975741341,-99.2304046624338,44.9577,-100.5892,7.977040765123,5.061998171123,2002.72875740561,2005.64379999961,3010000
1196,1197,0.01506252123,44.6220975741341,-99.2304046624338,45.1305228112458,-100.683124062345,5.077060692353,5.061998171123,2002.72875740561,2002.74381992684,3010000
1197,1205,1.150097848,45.1305228112458,-100.683124062345,44.2342190838253,-100.860885729558,6.227158540353,5.077060692353,2002.74381992684,2003.89391777484,3010000
1197,1198,0.0574665586199998,45.1305228112458,-100.683124062345,44.5107519361283,-100.565207576009,5.134527250973,5.077060692353,2002.74381992684,2002.80128648546,3010000
1198,1199,1.166656789,44.5107519361283,-100.565207576009,44.7004422192306,-99.4018805457342,6.301184039973,5.134527250973,2002.80128648546,2003.96794327446,3010000
1198,1200,6.58220344,44.5107519361283,-100.565207576009,44.9131856674882,-100.3519621123,11.716730690973,5.134527250973,2002.80128648546,2009.38348992546,3010000
1199,385,0.8845567251,44.7004422192306,-99.4018805457342,44.8438,-100.6585,7.185740765073,6.301184039973,2003.96794327446,2004.85249999956,3010000
1199,386,3.596456725,44.7004422192306,-99.4018805457342,42.8438,-110.509,9.897640764973,6.301184039973,2003.96794327446,2007.56439999946,3010000
1200,1201,0.0646695387400005,44.9131856674882,-100.3519621123,44.5260678277624,-100.976100957086,11.781400229713,11.716730690973,2009.38348992546,2009.4481594642,3010000
1200,387,1.638410074,44.9131856674882,-100.3519621123,44.7898,-100.8341,13.355140764973,11.716730690973,2009.38348992546,2011.02189999946,3010000
1201,1202,0.283083099100001,44.5260678277624,-100.976100957086,44.7914214557527,-100.642852145024,12.064483328813,11.781400229713,2009.4481594642,2009.7312425633,3010000
1201,1204,0.651028848799999,44.5260678277624,-100.976100957086,44.4639937781815,-100.676970287906,12.432429078513,11.781400229713,2009.4481594642,2010.099188313,3010000
1202,1203,0.0086334037910003,44.7914214557527,-100.642852145024,44.831399559586,-100.622644199606,12.073116732604,12.064483328813,2009.7312425633,2009.73987596709,3010000
1202,388,1.290657436,44.7914214557527,-100.642852145024,44.3992,-99.9233,13.355140764813,12.064483328813,2009.7312425633,2011.0218999993,3010000
1203,390,1.282024032,44.831399559586,-100.622644199606,44.8562,-100.7542,13.355140764604,12.073116732604,2009.73987596709,2011.02189999909,3010000
1203,389,1.958724032,44.831399559586,-100.622644199606,44.8913,-100.4702,14.031840764604,12.073116732604,2009.73987596709,2011.69859999909,3010000
1204,391,0.9227116863,44.4639937781815,-100.676970287906,45.0712,-100.2352,13.355140764813,12.432429078513,2010.099188313,2011.0218999993,3010000
1204,392,0.9227116863,44.4639937781815,-100.676970287906,44.6942,-99.9151,13.355140764813,12.432429078513,2010.099188313,2011.0218999993,3010000
1205,1207,0.868565523100001,44.2342190838253,-100.860885729558,45.4733322688225,-105.328512225785,7.095724063453,6.227158540353,2003.89391777484,2004.76248329794,3010000
1205,1206,1.452573975,44.2342190838253,-100.860885729558,44.4514810028288,-101.278978086835,7.679732515353,6.227158540353,2003.89391777484,2005.34649174984,3010000
1206,393,0.2343082496,44.4514810028288,-101.278978086835,44.2987,-100.1889,7.914040764953,7.679732515353,2005.34649174984,2005.58079999944,3010000
1206,394,3.13980825,44.4514810028288,-101.278978086835,44.7543,-100.3501,10.819540765353,7.679732515353,2005.34649174984,2008.48629999984,3010000
1207,398,2.799116702,45.4733322688225,-105.328512225785,45.8262,-103.3472,9.894840765453,7.095724063453,2004.76248329794,2007.56159999994,3010000
1207,1208,1.936339605,45.4733322688225,-105.328512225785,46.6708448671697,-104.536228993361,9.032063668453,7.095724063453,2004.76248329794,2006.69882290294,3010000
1208,1209,0.0597971416299998,46.6708448671697,-104.536228993361,46.6844866254524,-104.493513822864,9.091860810083,9.032063668453,2006.69882290294,2006.75862004457,3010000
1208,397,0.8627770967,46.6708448671697,-104.536228993361,46.4542,-103.8409,9.894840765153,9.032063668453,2006.69882290294,2007.56159999964,3010000
1209,396,1.869779955,46.6844866254524,-104.493513822864,46.8933,-108.8204,10.961640765083,9.091860810083,2006.75862004457,2008.62839999957,3010000
1209,395,1.804179955,46.6844866254524,-104.493513822864,47.0395,-109.0673,10.896040765083,9.091860810083,2006.75862004457,2008.56279999957,3010000
1210,1211,0.0595678163800013,42.8927431591014,-97.8998267428611,43.0087307894095,-98.4456454809662,4.196162740158,4.136594923778,2001.80335415827,2001.86292197465,3010000
1210,1227,0.0572703251500002,42.8927431591014,-97.8998267428611,42.2896312296337,-97.493453964686,4.193865248928,4.136594923778,2001.80335415827,2001.86062448342,3010000
1211,402,2.137078025,43.0087307894095,-98.4456454809662,38.2199,-94.8946,6.333240765158,4.196162740158,2001.86292197465,2003.99999999965,3010000
1211,1212,0.8260707389,43.0087307894095,-98.4456454809662,40.5155316472668,-95.1422440807164,5.022233479058,4.196162740158,2001.86292197465,2002.68899271355,3010000
1212,1213,0.0373097541599989,40.5155316472668,-95.1422440807164,40.5190500229501,-95.2371425286984,5.059543233218,5.022233479058,2002.68899271355,2002.72630246771,3010000
1212,1226,0.0688667379799988,40.5155316472668,-95.1422440807164,40.4052723266747,-95.12115123285,5.091100217038,5.022233479058,2002.68899271355,2002.75785945153,3010000
1213,416,1.926697532,40.5190500229501,-95.2371425286984,43.2387,-93.2149,6.986240765218,5.059543233218,2002.72630246771,2004.65299999971,3010000
1213,1214,0.00376149107600021,40.5190500229501,-95.2371425286984,40.50347302614,-95.1943407329032,5.063304724294,5.059543233218,2002.72630246771,2002.73006395878,3010000
1214,415,1.808236041,40.50347302614,-95.1943407329032,40.5901,-94.5979,6.871540765294,5.063304724294,2002.73006395878,2004.53829999978,3010000
1214,1215,0.0216280019999999,40.50347302614,-95.1943407329032,40.5267851103637,-95.3568019408718,5.084932726294,5.063304724294,2002.73006395878,2002.75169196078,3010000
1215,1216,0.0635215860099994,40.5267851103637,-95.3568019408718,40.8553483138137,-95.3751583153784,5.148454312304,5.084932726294,2002.75169196078,2002.81521354679,3010000
1215,1223,2.147380677,40.5267851103637,-95.3568019408718,39.9578871698724,-94.7982936126366,7.232313403294,5.084932726294,2002.75169196078,2004.89907263778,3010000
1216,410,0.184786453000001,40.8553483138137,-95.3751583153784,40.7969,-94.6447,5.333240765304,5.148454312304,2002.81521354679,2002.99999999979,3010000
1216,1217,0.0209790767000015,40.8553483138137,-95.3751583153784,40.8660703597534,-95.4297112780889,5.169433389004,5.148454312304,2002.81521354679,2002.83619262349,3010000
1217,1221,2.370694971,40.8660703597534,-95.4297112780889,41.4349003987084,-98.3388887330853,7.540128360004,5.169433389004,2002.83619262349,2005.20688759449,3010000
1217,1218,0.991405817199999,40.8660703597534,-95.4297112780889,41.0460238470869,-95.5150232354511,6.160839206204,5.169433389004,2002.83619262349,2003.82759844069,3010000
1218,1219,0.1768550225,41.0460238470869,-95.5150232354511,41.4807485009149,-96.3541969499593,6.337694228704,6.160839206204,2003.82759844069,2004.00445346319,3010000
1218,406,1.876501559,41.0460238470869,-95.5150232354511,41.0591,-95.7739,8.037340765204,6.160839206204,2003.82759844069,2005.70409999969,3010000
1219,405,0.555646536599999,41.4807485009149,-96.3541969499593,41.7691,-96.8726,6.893340765304,6.337694228704,2004.00445346319,2004.56009999979,3010000
1219,1220,0.0448299652900008,41.4807485009149,-96.3541969499593,41.0994542706173,-96.7242052628052,6.382524193994,6.337694228704,2004.00445346319,2004.04928342848,3010000
1220,404,4.682916571,41.0994542706173,-96.7242052628052,40.9971,-96.5929,11.065440764994,6.382524193994,2004.04928342848,2008.73219999948,3010000
1220,403,0.595516571299999,41.0994542706173,-96.7242052628052,40.9201,-95.8422,6.978040765294,6.382524193994,2004.04928342848,2004.64479999978,3010000
1221,1222,0.00338420317000043,41.4349003987084,-98.3388887330853,41.3934173769973,-98.2948724562621,7.543512563174,7.540128360004,2005.20688759449,2005.21027179766,3010000
1221,407,0.2780124055,41.4349003987084,-98.3388887330853,45.0236,-99.8295,7.818140765504,7.540128360004,2005.20688759449,2005.48489999999,3010000
1222,408,0.195228202300001,41.3934173769973,-98.2948724562621,43.3579,-99.4252,7.738740765474,7.543512563174,2005.21027179766,2005.40549999996,3010000
1222,409,0.2527282023,41.3934173769973,-98.2948724562621,41.2714,-97.8073,7.796240765474,7.543512563174,2005.21027179766,2005.46299999996,3010000
1223,414,0.7502273624,39.9578871698724,-94.7982936126366,40.4141,-94.6657,7.982540765694,7.232313403294,2004.89907263778,2005.64930000018,3010000
1223,1224,0.177180539000002,39.9578871698724,-94.7982936126366,40.0512089040861,-95.0319840273084,7.409493942294,7.232313403294,2004.89907263778,2005.07625317678,3010000
1224,1225,0.0159623323199991,40.0512089040861,-95.0319840273084,40.0382886393056,-95.0025727491839,7.425456274614,7.409493942294,2005.07625317678,2005.0922155091,3010000
1224,413,0.4908468233,40.0512089040861,-95.0319840273084,40.6621,-94.0574,7.900340765594,7.409493942294,2005.07625317678,2005.56710000008,3010000
1225,411,2.702284491,40.0382886393056,-95.0025727491839,39.5977,-95.3838,10.127740765614,7.425456274614,2005.0922155091,2007.7945000001,3010000
1225,412,2.491384491,40.0382886393056,-95.0025727491839,40.622,-94.6667,9.916840765614,7.425456274614,2005.0922155091,2007.5836000001,3010000
1226,418,1.616440548,40.4052723266747,-95.12115123285,39.9815,-94.2428,6.707540765038,5.091100217038,2002.75785945153,2004.37429999953,3010000
1226,417,1.821340548,40.4052723266747,-95.12115123285,40.8084,-94.3124,6.912440765038,5.091100217038,2002.75785945153,2004.57919999953,3010000
1227,419,1.139375516,42.2896312296337,-97.493453964686,40.2561,-97.6573,5.333240764928,4.193865248928,2001.86062448342,2002.99999999942,3010000
1227,1228,0.0681501751500004,42.2896312296337,-97.493453964686,42.3737105179832,-97.4904230098392,4.262015424078,4.193865248928,2001.86062448342,2001.92877465857,3010000
1228,1229,0.811712388,42.3737105179832,-97.4904230098392,40.2676581657109,-97.6979800247398,5.073727812078,4.262015424078,2001.92877465857,2002.74048704657,3010000
1228,420,1.071225341,42.3737105179832,-97.4904230098392,40.7341,-95.26,5.333240765078,4.262015424078,2001.92877465857,2002.99999999957,3010000
1229,1230,0.0365647051700009,40.2676581657109,-97.6979800247398,40.2333840074102,-97.682189907245,5.110292517248,5.073727812078,2002.74048704657,2002.77705175174,3010000
1229,432,0.8896129532,40.2676581657109,-97.6979800247398,40.3712,-98.041,5.963340765278,5.073727812078,2002.74048704657,2003.63009999977,3010000
1230,1231,0.0264320665599982,40.2333840074102,-97.682189907245,40.2098419015556,-97.6771002583407,5.136724583808,5.110292517248,2002.77705175174,2002.8034838183,3010000
1230,1232,0.00993412484499956,40.2333840074102,-97.682189907245,40.3137443411089,-97.6975010965008,5.120226642093,5.110292517248,2002.77705175174,2002.78698587658,3010000
1231,422,0.826616181400002,40.2098419015556,-97.6771002583407,40.2519,-97.9599,5.963340765208,5.136724583808,2002.8034838183,2003.6300999997,3010000
1231,421,0.730716181400002,40.2098419015556,-97.6771002583407,40.286,-97.7534,5.867440765208,5.136724583808,2002.8034838183,2003.5341999997,3010000
1232,423,0.213014123199999,40.3137443411089,-97.6975010965008,40.2191,-98.0521,5.333240765293,5.120226642093,2002.78698587658,2002.99999999978,3010000
1232,1233,0.506655565099999,40.3137443411089,-97.6975010965008,40.6001389983725,-98.3593427975325,5.626882207193,5.120226642093,2002.78698587658,2003.29364144168,3010000
1233,1234,0.1180381066,40.6001389983725,-98.3593427975325,40.2291655741162,-98.0061246353708,5.744920313793,5.626882207193,2003.29364144168,2003.41167954828,3010000
1233,424,1.321158558,40.6001389983725,-98.3593427975325,40.8041,-89.5528,6.948040765193,5.626882207193,2003.29364144168,2004.61479999968,3010000
1234,1239,0.5728910409,40.2291655741162,-98.0061246353708,40.7791951678504,-89.1930875842916,6.317811354693,5.744920313793,2003.41167954828,2003.98457058918,3010000
1234,1235,0.5562143354,40.2291655741162,-98.0061246353708,40.3397356178154,-98.3078116395997,6.301134649193,5.744920313793,2003.41167954828,2003.96789388368,3010000
1235,1237,0.0826068405200004,40.3397356178154,-98.3078116395997,40.0206170264113,-97.8637238668843,6.383741489713,6.301134649193,2003.96789388368,2004.0505007242,3010000
1235,1236,0.124312483900001,40.3397356178154,-98.3078116395997,40.2876675168408,-97.852579645905,6.425447133093,6.301134649193,2003.96789388368,2004.09220636758,3010000
1236,425,0.407793632199999,40.2876675168408,-97.852579645905,39.5599,-97.877,6.833240765293,6.425447133093,2004.09220636758,2004.49999999978,3010000
1236,426,0.230193632199999,40.2876675168408,-97.852579645905,40.2428,-97.7589,6.655640765293,6.425447133093,2004.09220636758,2004.32239999978,3010000
1237,1238,0.0169388862699993,40.0206170264113,-97.8637238668843,40.0316763075511,-97.9155084808015,6.400680375983,6.383741489713,2004.0505007242,2004.06743961047,3010000
1237,429,0.4877992756,40.0206170264113,-97.8637238668843,34.3976,-90.9623,6.871540765313,6.383741489713,2004.0505007242,2004.5382999998,3010000
1238,428,1.466760389,40.0316763075511,-97.9155084808015,41.2577,-88.5182,7.867440764983,6.400680375983,2004.06743961047,2005.53419999947,3010000
1238,427,0.216760389300001,40.0316763075511,-97.9155084808015,39.8112,-98.4862,6.617440765283,6.400680375983,2004.06743961047,2004.28419999977,3010000
1239,431,0.6220294106,40.7791951678504,-89.1930875842916,40.5401,-88.7487,6.939840765293,6.317811354693,2003.98457058918,2004.60659999978,3010000
1239,430,0.0154294106100004,40.7791951678504,-89.1930875842916,40.7949,-89.0572,6.333240765303,6.317811354693,2003.98457058918,2003.99999999979,3010000
1240,1241,1.647887539,39.3797672204586,-90.1794180605806,38.0836244440753,-92.7415445243004,6.92305920872,5.27517166972,2002.94193090421,2004.58981844321,3010000
1240,433,1.672869096,39.3797672204586,-90.1794180605806,38.0586,-92.4416,6.94804076572,5.27517166972,2002.94193090421,2004.61480000021,3010000
1241,435,0.944381556699998,38.0836244440753,-92.7415445243004,38.0779,-92.6521,7.86744076542,6.92305920872,2004.58981844321,2005.53419999991,3010000
1241,434,0.974581556699999,38.0836244440753,-92.7415445243004,37.8905,-92.4387,7.89764076542,6.92305920872,2004.58981844321,2005.56439999991,3010000
1242,1243,0.108809281999999,42.2108762100476,-82.6726158514154,41.937865538837,-84.1791509474446,3.49325659917,3.38444731717,2001.05120655166,2001.16001583366,3010000
1242,437,8.641993448,42.2108762100476,-82.6726158514154,46.7996,-119.1948,12.02644076517,3.38444731717,2001.05120655166,2009.69319999966,3010000
1243,438,0.839984166100001,41.937865538837,-84.1791509474446,48.546,-119.0185,4.33324076527,3.49325659917,2001.16001583366,2001.99999999976,3010000
1243,1244,1.614174142,41.937865538837,-84.1791509474446,42.1247665857661,-82.8052150802475,5.10743074117,3.49325659917,2001.16001583366,2002.77418997566,3010000
1244,439,0.8176100242,42.1247665857661,-82.8052150802475,46.7255,-110.9361,5.92504076537,5.10743074117,2002.77418997566,2003.59179999986,3010000
1244,440,0.225810024199999,42.1247665857661,-82.8052150802475,43.1833,-73.9989,5.33324076537,5.10743074117,2002.77418997566,2002.99999999986,3010000
1245,1255,0.632191247999998,42.3987829815375,-73.9590261951213,42.6391398052321,-75.8724739793892,3.11554143518,2.48335018718,2000.15010942167,2000.78230066967,3010000
1245,1246,0.6128153435,42.3987829815375,-73.9590261951213,42.6171969796521,-74.4094019116556,3.09616553068,2.48335018718,2000.15010942167,2000.76292476517,3010000
1246,451,2.990475235,42.6171969796521,-74.4094019116556,42.8761,-73.8012,6.08664076568,3.09616553068,2000.76292476517,2003.75340000017,3010000
1246,1247,0.5551359637,42.6171969796521,-74.4094019116556,42.1725521019863,-73.4681885665397,3.65130149438,3.09616553068,2000.76292476517,2001.31806072887,3010000
1247,1248,2.158827475,42.1725521019863,-73.4681885665397,42.258057319802,-73.8438374371898,5.81012896938,3.65130149438,2001.31806072887,2003.47688820387,3010000
1247,1252,0.511465662300001,42.1725521019863,-73.4681885665397,42.3391070675969,-73.5774139732934,4.16276715668,3.65130149438,2001.31806072887,2001.82952639117,3010000
1248,1249,1.446116655,42.258057319802,-73.8438374371898,42.2067431910987,-73.0056262461036,7.25624562438,5.81012896938,2003.47688820387,2004.92300485887,3010000
1248,442,3.049111796,42.258057319802,-73.8438374371898,42.543,-74.2146,8.85924076538,5.81012896938,2003.47688820387,2006.52599999987,3010000
1249,1250,0.2004024446,42.2067431910987,-73.0056262461036,42.3831218480215,-72.9371608649235,7.45664806898,7.25624562438,2004.92300485887,2005.12340730347,3010000
1249,1251,0.214235200000001,42.2067431910987,-73.0056262461036,42.8271758395474,-72.3534593244997,7.47048082438,7.25624562438,2004.92300485887,2005.13724005887,3010000
1250,443,0.5751926965,42.3831218480215,-72.9371608649235,42.9403,-72.6472,8.03184076548,7.45664806898,2005.12340730347,2005.69859999997,3010000
1250,444,1.517692697,42.3831218480215,-72.9371608649235,42.197,-73.2795,8.97434076598,7.45664806898,2005.12340730347,2006.64110000047,3010000
1251,445,0.523059941099998,42.8271758395474,-72.3534593244997,42.6674,-72.5044,7.99354076548,7.47048082438,2005.13724005887,2005.66029999997,3010000
1251,446,0.399759941099999,42.8271758395474,-72.3534593244997,43.0232,-73.0316,7.87024076548,7.47048082438,2005.13724005887,2005.53699999997,3010000
1252,1253,2.175392162,42.3391070675969,-73.5774139732934,42.6346767547664,-78.6152949461251,6.33815931868,4.16276715668,2001.82952639117,2004.00491855317,3010000
1252,447,2.910873609,42.3391070675969,-73.5774139732934,41.869,-74.2374,7.07364076568,4.16276715668,2001.82952639117,2004.74040000017,3010000
1253,448,1.504681446,42.6346767547664,-78.6152949461251,42.6154,-76.9649,7.84284076468,6.33815931868,2004.00491855317,2005.50959999917,3010000
1253,1254,1.688727869,42.6346767547664,-78.6152949461251,41.6832279147556,-73.8305954580391,8.02688718768,6.33815931868,2004.00491855317,2005.69364642217,3010000
1254,449,0.00495357768100035,41.6832279147556,-73.8305954580391,41.6973,-73.7914,8.031840765361,8.02688718768,2005.69364642217,2005.69859999985,3010000
1254,450,0.8570535777,41.6832279147556,-73.8305954580391,42.1644,-72.9215,8.88394076538,8.02688718768,2005.69364642217,2006.55069999987,3010000
1255,1267,0.509024585500001,42.6391398052321,-75.8724739793892,41.6002043360483,-73.4771533740781,3.62456602068,3.11554143518,2000.78230066967,2001.29132525517,3010000
1255,1256,0.229110066,42.6391398052321,-75.8724739793892,41.1247089681774,-73.6222729169809,3.34465150118,3.11554143518,2000.78230066967,2001.01141073567,3010000
1256,1257,0.0923935664000002,41.1247089681774,-73.6222729169809,41.2794077190038,-73.703948341943,3.43704506758,3.34465150118,2001.01141073567,2001.10380430207,3010000
1256,1260,0.0297124892000014,41.1247089681774,-73.6222729169809,41.1540591538152,-71.8798284861667,3.37436399038,3.34465150118,2001.01141073567,2001.04112322487,3010000
1257,1258,0.0365221263400013,41.2794077190038,-73.703948341943,41.193666914751,-73.4271540974712,3.47356719392,3.43704506758,2001.10380430207,2001.14032642841,3010000
1257,455,6.496195698,41.2794077190038,-73.703948341943,41.522,-71.7412,9.93324076558,3.43704506758,2001.10380430207,2007.60000000007,3010000
1258,454,1.859673571,41.193666914751,-73.4271540974712,47.6092,-120.3988,5.33324076492,3.47356719392,2001.14032642841,2002.99999999941,3010000
1258,1259,0.7375164734,41.193666914751,-73.4271540974712,40.3042881065764,-77.0262719476657,4.21108366732,3.47356719392,2001.14032642841,2001.87784290181,3010000
1259,453,1.122157098,40.3042881065764,-77.0262719476657,43.4196,-89.7671,5.33324076532,4.21108366732,2001.87784290181,2002.99999999981,3010000
1259,452,1.713957098,40.3042881065764,-77.0262719476657,38.888,-80.2502,5.92504076532,4.21108366732,2001.87784290181,2003.59179999981,3010000
1260,1261,0.0736451877999986,41.1540591538152,-71.8798284861667,41.445514617403,-71.8864544355849,3.44800917818,3.37436399038,2001.04112322487,2001.11476841267,3010000
1260,463,6.632876775,41.1540591538152,-71.8798284861667,42.7994,-71.4533,10.00724076538,3.37436399038,2001.04112322487,2007.67399999987,3010000
1261,456,4.679731587,41.445514617403,-71.8864544355849,41.5764,-72.9606,8.12774076518,3.44800917818,2001.11476841267,2005.79449999967,3010000
1261,1262,0.0709284983400007,41.445514617403,-71.8864544355849,41.4016620904501,-71.8415136250532,3.51893767652,3.44800917818,2001.11476841267,2001.18569691101,3010000
1262,1263,0.741506105199999,41.4016620904501,-71.8415136250532,41.2261252855892,-72.9285215415074,4.26044378172,3.51893767652,2001.18569691101,2001.92720301621,3010000
1262,457,0.4746030887,41.4016620904501,-71.8415136250532,31.2629,-83.6536,3.99354076522,3.51893767652,2001.18569691101,2001.66029999971,3010000
1263,1264,0.845101167300001,41.2261252855892,-72.9285215415074,42.4388080525774,-78.087116230454,5.10554494902,4.26044378172,2001.92720301621,2002.77230418351,3010000
1263,458,2.072796984,41.2261252855892,-72.9285215415074,36.3904,-90.889,6.33324076572,4.26044378172,2001.92720301621,2004.00000000021,3010000
1264,462,0.227695816199999,42.4388080525774,-78.087116230454,36.1987,-103.6511,5.33324076522,5.10554494902,2002.77230418351,2002.99999999971,3010000
1264,1265,0.0180978486599983,42.4388080525774,-78.087116230454,42.4452446490832,-78.1521154770805,5.12364279768,5.10554494902,2002.77230418351,2002.79040203217,3010000
1265,459,0.7410979675,42.4452446490832,-78.1521154770805,40.3445,-89.1734,5.86474076518,5.12364279768,2002.79040203217,2003.53149999967,3010000
1265,1266,2.838641327,42.4452446490832,-78.1521154770805,41.8881500782071,-74.5397749022494,7.96228412468,5.12364279768,2002.79040203217,2005.62904335917,3010000
1266,460,0.973656641,41.8881500782071,-74.5397749022494,41.9225,-74.1666,8.93594076568,7.96228412468,2005.62904335917,2006.60270000017,3010000
1266,461,2.925556641,41.8881500782071,-74.5397749022494,42.824,-71.9946,10.88784076568,7.96228412468,2005.62904335917,2008.55460000017,3010000
1267,465,5.423774745,41.6002043360483,-73.4771533740781,41.994,-72.1864,9.04834076568,3.62456602068,2001.29132525517,2006.71510000017,3010000
1267,464,1.445674745,41.6002043360483,-73.4771533740781,45.3228,-103.2286,5.07024076568,3.62456602068,2001.29132525517,2002.73700000017,3010000
1268,1269,0.0978771031000001,42.2743107016129,-73.9977398656148,42.1612499474763,-74.1650922413856,2.43945751509,2.34158041199,2000.00833964648,2000.10621674958,3010000
1268,1315,0.0311567230600005,42.2743107016129,-73.9977398656148,42.3145191399794,-74.0317928288931,2.37273713505,2.34158041199,2000.00833964648,2000.03949636954,3010000
1269,1270,0.878325725799998,42.1612499474763,-74.1650922413856,42.3497151383948,-75.8313165673289,3.31778324089,2.43945751509,2000.10621674958,2000.98454247538,3010000
1269,1273,0.541229244,42.1612499474763,-74.1650922413856,42.4703448789148,-74.8525248133328,2.98068675909,2.43945751509,2000.10621674958,2000.64744599358,3010000
1270,1271,0.2054404584,42.3497151383948,-75.8313165673289,41.9094105422101,-73.5292487912289,3.52322369929,3.31778324089,2000.98454247538,2001.18998293378,3010000
1270,469,1.752457524,42.3497151383948,-75.8313165673289,43.3843,-72.6213,5.07024076489,3.31778324089,2000.98454247538,2002.73699999938,3010000
1271,466,1.508617066,41.9094105422101,-73.5292487912289,41.767,-73.348,5.03184076529,3.52322369929,2001.18998293378,2002.69859999978,3010000
1271,1272,0.748332298200001,41.9094105422101,-73.5292487912289,41.3390050398141,-73.9479696106199,4.27155599749,3.52322369929,2001.18998293378,2001.93831523198,3010000
1272,467,0.795884767799999,41.3390050398141,-73.9479696106199,41.6452,-77.0451,5.06744076529,4.27155599749,2001.93831523198,2002.73419999978,3010000
1272,468,3.763084768,41.3390050398141,-73.9479696106199,41.5907,-73.4418,8.03464076549,4.27155599749,2001.93831523198,2005.70139999998,3010000
1273,1274,0.384144225199998,42.4703448789148,-74.8525248133328,42.979840690402,-74.3206025815336,3.36483098429,2.98068675909,2000.64744599358,2001.03159021878,3010000
1273,1287,0.334351148699998,42.4703448789148,-74.8525248133328,42.5930472621547,-74.844805442499,3.31503790779,2.98068675909,2000.64744599358,2000.98179714228,3010000
1274,1275,0.0127937093000003,42.979840690402,-74.3206025815336,42.1677391870221,-73.5653223240421,3.37762469359,3.36483098429,2001.03159021878,2001.04438392808,3010000
1274,1285,0.07927214503,42.979840690402,-74.3206025815336,42.9743171442033,-74.2809374128963,3.44410312932,3.36483098429,2001.03159021878,2001.11086236381,3010000
1275,1281,0.00135643145300079,42.1677391870221,-73.5653223240421,42.1308639347432,-73.5772032047074,3.378981125043,3.37762469359,2001.04438392808,2001.04574035953,3010000
1275,1276,0.000299893800100648,42.1677391870221,-73.5653223240421,42.1645892135668,-73.5201977667351,3.3779245873901,3.37762469359,2001.04438392808,2001.04468382188,3010000
1276,1280,0.0734834652499998,42.1645892135668,-73.5201977667351,42.1485206108562,-73.582846960369,3.4514080526401,3.3779245873901,2001.04468382188,2001.11816728713,3010000
1276,1277,0.203335425399999,42.1645892135668,-73.5201977667351,41.5221341839768,-73.7804572122163,3.5812600127901,3.3779245873901,2001.04468382188,2001.24801924728,3010000
1277,1278,0.632574799,41.5221341839768,-73.7804572122163,41.8903021663707,-74.317420218526,4.2138348117901,3.5812600127901,2001.24801924728,2001.88059404628,3010000
1277,470,2.379380752,41.5221341839768,-73.7804572122163,41.5036,-73.9357,5.9606407647901,3.5812600127901,2001.24801924728,2003.62739999928,3010000
1278,1279,0.0881893616300005,41.8903021663707,-74.317420218526,41.7630381726762,-73.5190154785554,4.3020241734201,4.2138348117901,2001.88059404628,2001.96878340791,3010000
1278,473,1.848205953,41.8903021663707,-74.317420218526,41.5569,-74.517,6.0620407647901,4.2138348117901,2001.88059404628,2003.72879999928,3010000
1279,472,1.598316592,41.7630381726762,-73.5190154785554,41.1686,-74.3731,5.9003407654201,4.3020241734201,2001.96878340791,2003.56709999991,3010000
1279,471,0.664116591799999,41.7630381726762,-73.5190154785554,41.4716,-74.348,4.9661407652201,4.3020241734201,2001.96878340791,2002.63289999971,3010000
1280,474,1.572232713,42.1485206108562,-73.582846960369,42.6514,-74.3139,5.0236407656401,3.4514080526401,2001.11816728713,2002.69040000013,3010000
1280,475,1.511932713,42.1485206108562,-73.582846960369,41.5522,-74.8586,4.9633407656401,3.4514080526401,2001.11816728713,2002.63010000013,3010000
1281,480,0.713159640099999,42.1308639347432,-73.5772032047074,42.0942,-85.8747,4.092140765143,3.378981125043,2001.04574035953,2001.75889999963,3010000
1281,1282,0.158390167899999,42.1308639347432,-73.5772032047074,41.9764747550635,-73.4561025562861,3.537371292943,3.378981125043,2001.04574035953,2001.20413052743,3010000
1282,476,2.409569472,41.9764747550635,-73.4561025562861,40.7323,-77.0563,5.946940764943,3.537371292943,2001.20413052743,2003.61369999943,3010000
1282,1283,4.457640017,41.9764747550635,-73.4561025562861,42.8403891019699,-72.5331304719927,7.995011309943,3.537371292943,2001.20413052743,2005.66177054443,3010000
1283,479,0.9190294553,42.8403891019699,-72.5331304719927,42.5209,-72.4023,8.914040765243,7.995011309943,2005.66177054443,2006.58079999973,3010000
1283,1284,0.8107693995,42.8403891019699,-72.5331304719927,42.2431760828483,-73.8074327660789,8.805780709443,7.995011309943,2005.66177054443,2006.47253994393,3010000
1284,477,0.0973600557700003,42.2431760828483,-73.8074327660789,42.2712,-73.741,8.903140765213,8.805780709443,2006.47253994393,2006.5698999997,3010000
1284,478,0.1384600558,42.2431760828483,-73.8074327660789,42.3646,-74.0731,8.944240765243,8.805780709443,2006.47253994393,2006.61099999973,3010000
1285,481,2.500137636,42.9743171442033,-74.2809374128963,42.4794,-75.4224,5.94424076532,3.44410312932,2001.11086236381,2003.61099999981,3010000
1285,1286,0.0174265442100001,42.9743171442033,-74.2809374128963,43.319811457863,-74.1142687329477,3.46152967353,3.44410312932,2001.11086236381,2001.12828890802,3010000
1286,483,1.490911092,43.319811457863,-74.1142687329477,42.0315,-74.0856,4.95244076553,3.46152967353,2001.12828890802,2002.61920000002,3010000
1286,482,4.419611092,43.319811457863,-74.1142687329477,37.3147,-77.5974,7.88114076553,3.46152967353,2001.12828890802,2005.54790000002,3010000
1287,1288,0.0295814677700008,42.5930472621547,-74.844805442499,42.6199031093087,-74.8240377318553,3.34461937556,3.31503790779,2000.98179714228,2001.01137861005,3010000
1287,512,3.400702857,42.5930472621547,-74.844805442499,43.3021,-75.0134,6.71574076479,3.31503790779,2000.98179714228,2004.38249999928,3010000
1288,1289,0.112249655399999,42.6199031093087,-74.8240377318553,42.1770355064941,-74.2407460607484,3.45686903096,3.34461937556,2001.01137861005,2001.12362826545,3010000
1288,1309,0.0251819798500001,42.6199031093087,-74.8240377318553,42.6489346362061,-74.9869536789276,3.36980135541,3.34461937556,2001.01137861005,2001.0365605899,3010000
1289,1290,0.0606164737000014,42.1770355064941,-74.2407460607484,42.1382854044914,-74.2103508168257,3.51748550466,3.45686903096,2001.12362826545,2001.18424473915,3010000
1289,484,2.564071734,42.1770355064941,-74.2407460607484,42.0995,-73.8585,6.02094076496,3.45686903096,2001.12362826545,2003.68769999945,3010000
1290,1291,0.612285589799999,42.1382854044914,-74.2103508168257,40.956826200776,-75.5441879953521,4.12977109446,3.51748550466,2001.18424473915,2001.79653032895,3010000
1290,504,2.465055261,42.1382854044914,-74.2103508168257,41.9637,-73.7727,5.98254076566,3.51748550466,2001.18424473915,2003.64930000015,3010000
1291,1308,0.0694022318499989,40.956826200776,-75.5441879953521,41.004720713394,-75.2946707777741,4.19917332631,4.12977109446,2001.79653032895,2001.8659325608,3010000
1291,1292,0.215830196599999,40.956826200776,-75.5441879953521,41.0312918675019,-75.9089519006619,4.34560129106,4.12977109446,2001.79653032895,2002.01236052555,3010000
1292,501,1.730139474,41.0312918675019,-75.9089519006619,41.9851,-73.1566,6.07574076506,4.34560129106,2002.01236052555,2003.74249999955,3010000
1292,1293,0.720970616700001,41.0312918675019,-75.9089519006619,42.3757805784387,-74.012752830214,5.06657190776,4.34560129106,2002.01236052555,2002.73333114225,3010000
1293,1294,0.0238952894400004,42.3757805784387,-74.012752830214,42.3706525922926,-74.953816085925,5.0904671972,5.06657190776,2002.73333114225,2002.75722643169,3010000
1293,1302,0.0896488026100002,42.3757805784387,-74.012752830214,42.4420039688725,-73.8572475469625,5.15622071037,5.06657190776,2002.73333114225,2002.82297994486,3010000
1294,1297,2.340878683,42.3706525922926,-74.953816085925,42.323154440702,-73.628953434577,7.4313458802,5.0904671972,2002.75722643169,2005.09810511469,3010000
1294,1295,0.0433025042499988,42.3706525922926,-74.953816085925,42.6026692464878,-72.9720110447797,5.13376970145,5.0904671972,2002.75722643169,2002.80052893594,3010000
1295,1296,0.0433721933199998,42.6026692464878,-72.9720110447797,42.5767982591714,-73.0154564623123,5.17714189477,5.13376970145,2002.80052893594,2002.84390112926,3010000
1295,487,3.906271064,42.6026692464878,-72.9720110447797,42.6647,-72.3206,9.04004076545,5.13376970145,2002.80052893594,2006.70679999994,3010000
1296,486,3.79449887,42.5767982591714,-73.0154564623123,41.6816,-86.6688,8.97164076477,5.17714189477,2002.84390112926,2006.63839999926,3010000
1296,485,2.78349887,42.5767982591714,-73.0154564623123,43.1008,-74.4251,7.96064076477,5.17714189477,2002.84390112926,2005.62739999926,3010000
1297,1298,0.0234158622899994,42.323154440702,-73.628953434577,42.2544654942235,-73.4943966224961,7.45476174249,7.4313458802,2005.09810511469,2005.12152097698,3010000
1297,493,0.6086948852,42.323154440702,-73.628953434577,42.5471,-73.9446,8.0400407654,7.4313458802,2005.09810511469,2005.70679999989,3010000
1298,488,0.4455790229,42.2544654942235,-73.4943966224961,42.0193,-73.1352,7.90034076539,7.45476174249,2005.12152097698,2005.56709999988,3010000
1298,1299,0.014797315720001,42.2544654942235,-73.4943966224961,42.3069103758217,-73.2352396770984,7.46955905821,7.45476174249,2005.12152097698,2005.1363182927,3010000
1299,1300,0.0124562124200001,42.3069103758217,-73.2352396770984,42.3083741629679,-73.3300421407291,7.48201527063,7.46955905821,2005.1363182927,2005.14877450512,3010000
1299,492,0.469181707199999,42.3069103758217,-73.2352396770984,42.3302,-73.249,7.93874076541,7.46955905821,2005.1363182927,2005.6054999999,3010000
1300,1301,0.00338826607299936,42.3083741629679,-73.3300421407291,42.2733329163469,-73.2676751062462,7.485403536703,7.48201527063,2005.14877450512,2005.15216277119,3010000
1300,489,0.593725494799999,42.3083741629679,-73.3300421407291,42.4249,-73.854,8.07574076543,7.48201527063,2005.14877450512,2005.74249999992,3010000
1301,491,0.467037228700001,42.2733329163469,-73.2676751062462,42.2294,-73.4037,7.952440765403,7.485403536703,2005.15216277119,2005.61919999989,3010000
1301,490,0.447837228700001,42.2733329163469,-73.2676751062462,42.1378,-73.3349,7.933240765403,7.485403536703,2005.15216277119,2005.59999999989,3010000
1302,1305,0.0443799094799999,42.4420039688725,-73.8572475469625,42.3619249625084,-73.9153432971064,5.20060061985,5.15622071037,2002.82297994486,2002.86735985434,3010000
1302,1303,1.091403392,42.4420039688725,-73.8572475469625,42.4836857676298,-73.2151309713113,6.24762410237,5.15622071037,2002.82297994486,2003.91438333686,3010000
1303,494,0.831516663,42.4836857676298,-73.2151309713113,42.2379,-73.4234,7.07914076537,6.24762410237,2003.91438333686,2004.74589999986,3010000
1303,1304,0.198222510099999,42.4836857676298,-73.2151309713113,42.2027130331327,-73.4563272850249,6.44584661247,6.24762410237,2003.91438333686,2004.11260584696,3010000
1304,495,0.5895941528,42.2027130331327,-73.4563272850249,41.8322,-72.8844,7.03544076527,6.44584661247,2004.11260584696,2004.70219999976,3010000
1304,496,0.493994152800001,42.2027130331327,-73.4563272850249,42.1794,-73.4843,6.93984076527,6.44584661247,2004.11260584696,2004.60659999976,3010000
1305,500,1.821140145,42.3619249625084,-73.9153432971064,42.351,-73.7746,7.02174076485,5.20060061985,2002.86735985434,2004.68849999934,3010000
1305,1306,1.103288508,42.3619249625084,-73.9153432971064,43.4938781511172,-72.9099967380805,6.30388912785,5.20060061985,2002.86735985434,2003.97064836234,3010000
1306,1307,3.130211129,43.4938781511172,-72.9099967380805,44.3056401025716,-71.8586690161146,9.43410025685,6.30388912785,2003.97064836234,2007.10085949134,3010000
1306,497,1.727951637,43.4938781511172,-72.9099967380805,44.1765,-71.7434,8.03184076485,6.30388912785,2003.97064836234,2005.69859999934,3010000
1307,499,0.4991405081,44.3056401025716,-71.8586690161146,44.6923,-72.314,9.93324076495,9.43410025685,2007.10085949134,2007.59999999944,3010000
1307,498,0.460740508100001,44.3056401025716,-71.8586690161146,44.7435,-72.4281,9.89484076495,9.43410025685,2007.10085949134,2007.56159999944,3010000
1308,503,1.786167439,41.004720713394,-75.2946707777741,42.7011,-74.2543,5.98534076531,4.19917332631,2001.8659325608,2003.6520999998,3010000
1308,502,1.747767439,41.004720713394,-75.2946707777741,39.6005,-75.4763,5.94694076531,4.19917332631,2001.8659325608,2003.6136999998,3010000
1309,1310,0.8923881223,42.6489346362061,-74.9869536789276,42.7316361550778,-75.1035030538771,4.26218947771,3.36980135541,2001.0365605899,2001.9289487122,3010000
1309,1311,0.0176895419700003,42.6489346362061,-74.9869536789276,42.1423705289965,-75.606269104267,3.38749089738,3.36980135541,2001.0365605899,2001.05425013187,3010000
1310,506,1.775151288,42.7316361550778,-75.1035030538771,41.8908,-78.8166,6.03734076571,4.26218947771,2001.9289487122,2003.7041000002,3010000
1310,505,2.674851288,42.7316361550778,-75.1035030538771,42.2139,-79.7498,6.93704076571,4.26218947771,2001.9289487122,2004.6038000002,3010000
1311,507,1.625249868,42.1423705289965,-75.606269104267,42.5275,-73.2161,5.01274076538,3.38749089738,2001.05425013187,2002.67949999987,3010000
1311,1312,0.8143459568,42.1423705289965,-75.606269104267,42.9048138023516,-76.1596920057101,4.20183685418,3.38749089738,2001.05425013187,2001.86859608867,3010000
1312,1313,0.0336580374899995,42.9048138023516,-76.1596920057101,42.8487056866425,-76.5828493938743,4.23549489167,4.20183685418,2001.86859608867,2001.90225412616,3010000
1312,511,3.213603911,42.9048138023516,-76.1596920057101,42.5375,-76.3108,7.41544076518,4.20183685418,2001.86859608867,2005.08219999967,3010000
1313,1314,4.681469334,42.8487056866425,-76.5828493938743,42.2801109618475,-74.0602741967623,8.91696422567,4.23549489167,2001.90225412616,2006.58372346016,3010000
1313,510,0.733345873600001,42.8487056866425,-76.5828493938743,44.0707,-70.3446,4.96884076527,4.23549489167,2001.90225412616,2002.63559999976,3010000
1314,508,0.0189765392800005,42.2801109618475,-74.0602741967623,42.2413,-74.125,8.93594076495,8.91696422567,2006.58372346016,2006.60269999944,3010000
1314,509,0.0217765392799993,42.2801109618475,-74.0602741967623,42.2284,-74.0626,8.93874076495,8.91696422567,2006.58372346016,2006.60549999944,3010000
1315,1316,0.138471910099998,42.3145191399794,-74.0317928288931,42.3084613116486,-74.2639285332567,2.51120904515,2.37273713505,2000.03949636954,2000.17796827964,3010000
1315,1538,0.833114346499999,42.3145191399794,-74.0317928288931,42.287244035257,-73.4988076627421,3.20585148155,2.37273713505,2000.03949636954,2000.87261071604,3010000
1316,1317,0.0702762187499992,42.3084613116486,-74.2639285332567,42.3172147039274,-74.226114256344,2.5814852639,2.51120904515,2000.17796827964,2000.24824449839,3010000
1316,1535,0.8511669586,42.3084613116486,-74.2639285332567,43.8776879961477,-72.8392565081474,3.36237600375,2.51120904515,2000.17796827964,2001.02913523824,3010000
1317,1318,0.0365537749799998,42.3172147039274,-74.226114256344,42.4013425671209,-74.0247766182383,2.61803903888,2.5814852639,2000.24824449839,2000.28479827337,3010000
1317,1424,0.487532977300001,42.3172147039274,-74.226114256344,42.4587045233473,-73.6338209081003,3.0690182412,2.5814852639,2000.24824449839,2000.73577747569,3010000
1318,1420,0.384809587500001,42.4013425671209,-74.0247766182383,42.2849901841167,-74.1944622522577,3.00284862638,2.61803903888,2000.28479827337,2000.66960786087,3010000
1318,1319,0.482777206000002,42.4013425671209,-74.0247766182383,42.3805561400613,-79.1242067337416,3.10081624488,2.61803903888,2000.28479827337,2000.76757547937,3010000
1319,1320,0.00579447821899848,42.3805561400613,-79.1242067337416,42.1874790827238,-79.1066362428183,3.106610723099,3.10081624488,2000.76757547937,2000.77336995759,3010000
1319,1416,0.298899543099999,42.3805561400613,-79.1242067337416,42.5577196928151,-78.4989314624651,3.39971578798,3.10081624488,2000.76757547937,2001.06647502247,3010000
1320,1321,0.185806405800001,42.1874790827238,-79.1066362428183,41.70789689868,-80.3687579889546,3.292417128899,3.106610723099,2000.77336995759,2000.95917636339,3010000
1320,1406,0.295975104,42.1874790827238,-79.1066362428183,41.9948790171311,-75.7154562944971,3.402585827099,3.106610723099,2000.77336995759,2001.06934506159,3010000
1321,1324,0.0430927827200005,41.70789689868,-80.3687579889546,41.9475437502154,-80.2158756766867,3.335509911619,3.292417128899,2000.95917636339,2001.00226914611,3010000
1321,1322,0.914083911399999,41.70789689868,-80.3687579889546,42.5751755888309,-81.5790825025504,4.206501040299,3.292417128899,2000.95917636339,2001.87326027479,3010000
1322,1323,5.960613162,42.5751755888309,-81.5790825025504,46.0327189955743,-103.479498199534,10.167114202299,4.206501040299,2001.87326027479,2007.83387343679,3010000
1322,513,3.126739725,42.5751755888309,-81.5790825025504,47.1175,-102.4043,7.333240765299,4.206501040299,2001.87326027479,2004.99999999979,3010000
1323,515,4.756326563,46.0327189955743,-103.479498199534,47.7941,-104.0057,14.923440765299,10.167114202299,2007.83387343679,2012.59019999979,3010000
1323,514,2.777126563,46.0327189955743,-103.479498199534,43.1369,-120.1833,12.944240765299,10.167114202299,2007.83387343679,2010.61099999979,3010000
1324,1325,0.0883731641299992,41.9475437502154,-80.2158756766867,41.975102224981,-79.8867409216226,3.423883075749,3.335509911619,2001.00226914611,2001.09064231024,3010000
1324,1336,0.0530506750900006,41.9475437502154,-80.2158756766867,43.2999936741753,-87.0804531276645,3.388560586709,3.335509911619,2001.00226914611,2001.0553198212,3010000
1325,1326,0.7654499402,41.975102224981,-79.8867409216226,42.1319143019867,-79.7724034551145,4.189333015949,3.423883075749,2001.09064231024,2001.85609225044,3010000
1325,1331,0.719745038799999,41.975102224981,-79.8867409216226,40.6698205017791,-76.1387378196256,4.143628114549,3.423883075749,2001.09064231024,2001.81038734904,3010000
1326,1327,0.0871229561200018,42.1319143019867,-79.7724034551145,42.2969127706634,-80.5242528670517,4.276455972069,4.189333015949,2001.85609225044,2001.94321520656,3010000
1326,1328,5.645338049,42.1319143019867,-79.7724034551145,46.8749855814215,-106.296297588145,9.834671064949,4.189333015949,2001.85609225044,2007.50143029944,3010000
1327,516,3.056784793,42.2969127706634,-80.5242528670517,46.0647,-68.9719,7.333240765069,4.276455972069,2001.94321520656,2004.99999999956,3010000
1327,517,1.632084793,42.2969127706634,-80.5242528670517,36.5581,-78.6179,5.908540765069,4.276455972069,2001.94321520656,2003.57529999956,3010000
1328,1330,0.2214247624,46.8749855814215,-106.296297588145,46.5662697592115,-108.43438626587,10.056095827349,9.834671064949,2007.50143029944,2007.72285506184,3010000
1328,1329,0.4100739972,46.8749855814215,-106.296297588145,47.5179779839524,-105.877997528065,10.244745062149,9.834671064949,2007.50143029944,2007.91150429664,3010000
1329,519,1.737795703,47.5179779839524,-105.877997528065,40.6573,-74.5184,11.982540765149,10.244745062149,2007.91150429664,2009.64929999964,3010000
1329,518,1.732295703,47.5179779839524,-105.877997528065,41.0986,-121.7707,11.977040765149,10.244745062149,2007.91150429664,2009.64379999964,3010000
1330,520,3.827844938,46.5662697592115,-108.43438626587,45.9813,-112.0393,13.883940765349,10.056095827349,2007.72285506184,2011.55069999984,3010000
1330,521,2.871644938,46.5662697592115,-108.43438626587,46.242,-111.9976,12.927740765349,10.056095827349,2007.72285506184,2010.59449999984,3010000
1331,1332,1.026367017,40.6698205017791,-76.1387378196256,39.8916288795802,-75.0275778145667,5.169995131549,4.143628114549,2001.81038734904,2002.83675436604,3010000
1331,527,2.681412651,40.6698205017791,-76.1387378196256,40.7257,-76.0639,6.825040765549,4.143628114549,2001.81038734904,2004.49180000004,3010000
1332,1333,1.280849607,39.8916288795802,-75.0275778145667,39.9959616844324,-75.4006479005085,6.450844738549,5.169995131549,2002.83675436604,2004.11760397304,3010000
1332,522,5.163245634,39.8916288795802,-75.0275778145667,36.0661,-97.1418,10.333240765549,5.169995131549,2002.83675436604,2008.00000000004,3010000
1333,1334,0.7987847783,39.9959616844324,-75.4006479005085,39.9500626055517,-74.547900241816,7.249629516849,6.450844738549,2004.11760397304,2004.91638875134,3010000
1333,526,0.456196026700001,39.9959616844324,-75.4006479005085,40.0397,-74.9964,6.907040765249,6.450844738549,2004.11760397304,2004.57379999974,3010000
1334,1335,1.712541228,39.9500626055517,-74.547900241816,41.6636576189589,-74.6417747448435,8.962170744849,7.249629516849,2004.91638875134,2006.62892997934,3010000
1334,523,1.713711248,39.9500626055517,-74.547900241816,41.9785,-74.3453,8.963340764849,7.249629516849,2004.91638875134,2006.63009999934,3010000
1335,524,0.938170020199999,41.6636576189589,-74.6417747448435,39.1474,-104.5481,9.900340765049,8.962170744849,2006.62892997934,2007.56709999954,3010000
1335,525,2.02677002,41.6636576189589,-74.6417747448435,41.3522,-74.6622,10.988940764849,8.962170744849,2006.62892997934,2008.65569999934,3010000
1336,1395,0.0459602521599987,43.2999936741753,-87.0804531276645,43.5601145879091,-86.329862691052,3.434520838869,3.388560586709,2001.0553198212,2001.10128007336,3010000
1336,1337,0.0121594406099987,43.2999936741753,-87.0804531276645,43.5597276170958,-87.2577652883354,3.400720027319,3.388560586709,2001.0553198212,2001.06747926181,3010000
1337,586,2.932520738,43.5597276170958,-87.2577652883354,48.2913,-113.6524,6.333240765319,3.400720027319,2001.06747926181,2003.99999999981,3010000
1337,1338,0.000512447218401491,43.5597276170958,-87.2577652883354,43.5421615967047,-87.2553873138491,3.4012324745374,3.400720027319,2001.06747926181,2001.06799170903,3010000
1338,1339,0.111575912699999,43.5421615967047,-87.2553873138491,43.3567992478346,-87.4908397885983,3.5128083872374,3.4012324745374,2001.06799170903,2001.17956762173,3010000
1338,528,3.524908291,43.5421615967047,-87.2553873138491,44.2072,-87.5679,6.9261407655374,3.4012324745374,2001.06799170903,2004.59290000003,3010000
1339,1344,0.621232562600001,43.3567992478346,-87.4908397885983,36.4348535766312,-99.8989405218796,4.1340409498374,3.5128083872374,2001.17956762173,2001.80080018432,3010000
1339,1340,0.687363790499999,43.3567992478346,-87.4908397885983,43.6483760021464,-87.3071877706844,4.2001721777374,3.5128083872374,2001.17956762173,2001.86693141223,3010000
1340,1343,3.297475784,43.6483760021464,-87.3071877706844,46.7991660676351,-106.658514682514,7.4976479617374,4.2001721777374,2001.86693141223,2005.16440719623,3010000
1340,1341,0.0597660615900004,43.6483760021464,-87.3071877706844,43.6775151538403,-86.5354809388745,4.2599382393274,4.2001721777374,2001.86693141223,2001.92669747382,3010000
1341,1342,0.889791392900001,43.6775151538403,-86.5354809388745,43.7565102601301,-86.4034088245153,5.1497296322274,4.2599382393274,2001.92669747382,2002.81648886671,3010000
1341,529,2.816502526,43.6775151538403,-86.5354809388745,41.9717,-86.1316,7.0764407653274,4.2599382393274,2001.92669747382,2004.74319999982,3010000
1342,530,5.497711133,43.7565102601301,-86.4034088245153,44.249,-84.0989,10.6474407652274,5.1497296322274,2002.81648886671,2008.31419999972,3010000
1342,531,0.761611132999999,43.7565102601301,-86.4034088245153,42.3141,-85.0489,5.9113407652274,5.1497296322274,2002.81648886671,2003.57809999972,3010000
1343,533,0.498592803700001,46.7991660676351,-106.658514682514,48.0773,-107.4966,7.9962407654374,7.4976479617374,2005.16440719623,2005.66299999992,3010000
1343,532,0.2300928037,46.7991660676351,-106.658514682514,46.6697,-106.0148,7.7277407654374,7.4976479617374,2005.16440719623,2005.39449999993,3010000
1344,1345,0.0708940305199981,36.4348535766312,-99.8989405218796,36.5507502421115,-99.7744793931308,4.2049349803574,4.1340409498374,2001.80080018432,2001.87169421485,3010000
1344,1357,0.0223428618799986,36.4348535766312,-99.8989405218796,36.3030110889382,-100.404694502129,4.1563838117174,4.1340409498374,2001.80080018432,2001.8231430462,3010000
1345,534,2.128305785,36.5507502421115,-99.7744793931308,35.5229,-100.309,6.3332407653574,4.2049349803574,2001.87169421485,2003.99999999984,3010000
1345,1346,0.0613955243600017,36.5507502421115,-99.7744793931308,35.6813042839941,-98.2304602855481,4.2663305047174,4.2049349803574,2001.87169421485,2001.9330897392,3010000
1346,1347,0.857462447299998,35.6813042839941,-98.2304602855481,31.6281215406096,-94.2529780574704,5.1237929520174,4.2663305047174,2001.9330897392,2002.7905521865,3010000
1346,1355,0.943712397999999,35.6813042839941,-98.2304602855481,35.7458270763534,-98.7603591963896,5.2100429027174,4.2663305047174,2001.9330897392,2002.8768021372,3010000
1347,1348,1.156189135,31.6281215406096,-94.2529780574704,32.8873408160705,-90.899706590915,6.2799820870174,5.1237929520174,2002.7905521865,2003.9467413215,3010000
1347,543,2.897147813,31.6281215406096,-94.2529780574704,36.3451,-99.8542,8.0209407650174,5.1237929520174,2002.7905521865,2005.6876999995,3010000
1348,1349,1.157845293,32.8873408160705,-90.899706590915,30.9535757481803,-90.4220758570849,7.4378273800174,6.2799820870174,2003.9467413215,2005.1045866145,3010000
1348,542,3.754658678,32.8873408160705,-90.899706590915,38.3615,-78.6503,10.0346407650174,6.2799820870174,2003.9467413215,2007.7013999995,3010000
1349,1350,0.044524538500001,30.9535757481803,-90.4220758570849,30.4935475864367,-90.740529774347,7.4823519185174,7.4378273800174,2005.1045866145,2005.149111153,3010000
1349,1352,0.5828345953,30.9535757481803,-90.4220758570849,31.4059840085919,-91.8651508284109,8.0206619753174,7.4378273800174,2005.1045866145,2005.6874212098,3010000
1350,1351,0.137257654899999,30.4935475864367,-90.740529774347,30.4713603837501,-90.7943707459159,7.6196095734174,7.4823519185174,2005.149111153,2005.2863688079,3010000
1350,537,2.324888847,30.4935475864367,-90.740529774347,30.4992,-90.9976,9.8072407655174,7.4823519185174,2005.149111153,2007.474,3010000
1351,535,2.330031192,30.4713603837501,-90.7943707459159,30.6435,-90.9212,9.9496407654174,7.6196095734174,2005.2863688079,2007.6163999999,3010000
1351,536,1.373931192,30.4713603837501,-90.7943707459159,30.8213,-91.0666,8.9935407654174,7.6196095734174,2005.2863688079,2006.6602999999,3010000
1352,1354,0.9154009263,31.4059840085919,-91.8651508284109,30.1198117249915,-92.3954256865772,8.9360629016174,8.0206619753174,2005.6874212098,2006.6028221361,3010000
1352,1353,1.80646766,31.4059840085919,-91.8651508284109,30.6917597174094,-91.1581305946985,9.8271296353174,8.0206619753174,2005.6874212098,2007.4938888698,3010000
1353,539,0.270511129999999,30.6917597174094,-91.1581305946985,35.4415,-94.0638,10.0976407653174,9.8271296353174,2007.4938888698,2007.7643999998,3010000
1353,538,7.16091113,30.6917597174094,-91.1581305946985,34.3378,-92.5354,16.9880407653174,9.8271296353174,2007.4938888698,2014.6547999998,3010000
1354,540,7.816377864,30.1198117249915,-92.3954256865772,30.7128,-94.0865,16.7524407656174,8.9360629016174,2006.6028221361,2014.4192000001,3010000
1354,541,4.060177864,30.1198117249915,-92.3954256865772,30.5039,-91.4675,12.9962407656174,8.9360629016174,2006.6028221361,2010.6630000001,3010000
1355,544,1.653297863,35.7458270763534,-98.7603591963896,36.3285,-96.9297,6.8633407657174,5.2100429027174,2002.8768021372,2004.5301000002,3010000
1355,1356,0.0440305365600011,35.7458270763534,-98.7603591963896,35.5898996285204,-99.1746056828776,5.2540734392774,5.2100429027174,2002.8768021372,2002.92083267377,3010000
1356,545,1.262267326,35.5898996285204,-99.1746056828776,35.1583,-100.2236,6.5163407652774,5.2540734392774,2002.92083267377,2004.18309999977,3010000
1356,546,1.079167326,35.5898996285204,-99.1746056828776,35.5782,-99.7405,6.3332407652774,5.2540734392774,2002.92083267377,2003.99999999977,3010000
1357,1358,0.0121439524600007,36.3030110889382,-100.404694502129,36.3760239409786,-100.126024608071,4.1685277641774,4.1563838117174,2001.8231430462,2001.83528699866,3010000
1357,585,2.176856954,36.3030110889382,-100.404694502129,37.4255,-96.8991,6.3332407657174,4.1563838117174,2001.8231430462,2004.0000000002,3010000
1358,1359,0.0254269317900011,36.3760239409786,-100.126024608071,36.4102582415508,-100.15670175416,4.1939546959674,4.1685277641774,2001.83528699866,2001.86071393045,3010000
1358,1363,0.00986162897299892,36.3760239409786,-100.126024608071,36.3847354278259,-100.02688619114,4.1783893931504,4.1685277641774,2001.83528699866,2001.84514862764,3010000
1359,1362,1.031634119,36.4102582415508,-100.15670175416,36.9825581332073,-99.8272718600539,5.2255888149674,4.1939546959674,2001.86071393045,2002.89234804945,3010000
1359,1360,0.0238822158099978,36.4102582415508,-100.15670175416,36.376637628923,-100.349741206678,4.2178369117774,4.1939546959674,2001.86071393045,2001.88459614627,3010000
1360,549,1.115403854,36.376637628923,-100.349741206678,33.0152,-97.5737,5.3332407657774,4.2178369117774,2001.88459614627,2003.00000000027,3010000
1360,1361,0.0374573087400005,36.376637628923,-100.349741206678,36.2922767847811,-100.410941148582,4.2552942205174,4.2178369117774,2001.88459614627,2001.922053455,3010000
1361,548,3.077946545,36.2922767847811,-100.410941148582,31.426,-86.0656,7.3332407655174,4.2552942205174,2001.922053455,2005,3010000
1361,547,3.708046545,36.2922767847811,-100.410941148582,43.4622,-122.1046,7.9633407655174,4.2552942205174,2001.922053455,2005.6301,3010000
1362,551,2.10765195,36.9825581332073,-99.8272718600539,36.9615,-99.4227,7.3332407649674,5.2255888149674,2002.89234804945,2004.99999999945,3010000
1362,550,2.71865195,36.9825581332073,-99.8272718600539,39.4151,-101.3035,7.9442407649674,5.2255888149674,2002.89234804945,2005.61099999946,3010000
1363,1366,0.00725135077400196,36.3847354278259,-100.02688619114,37.1021589357112,-98.1509067147924,4.1856407439244,4.1783893931504,2001.84514862764,2001.85239997841,3010000
1363,1364,0.0299873403900008,36.3847354278259,-100.02688619114,35.2640281493712,-100.732287445373,4.2083767335404,4.1783893931504,2001.84514862764,2001.87513596803,3010000
1364,1365,0.116595948600001,35.2640281493712,-100.732287445373,35.252411629493,-101.480836994351,4.3249726821404,4.2083767335404,2001.87513596803,2001.99173191663,3010000
1364,552,3.612564032,35.2640281493712,-100.732287445373,34.3498,-104.1044,7.8209407655404,4.2083767335404,2001.87513596803,2005.48770000003,3010000
1365,554,1.008268083,35.252411629493,-101.480836994351,36.1623,-99.9676,5.3332407651404,4.3249726821404,2001.99173191663,2002.99999999963,3010000
1365,553,3.764468083,35.252411629493,-101.480836994351,44.4099,-69.4715,8.0894407651404,4.3249726821404,2001.99173191663,2005.75619999963,3010000
1366,584,1.147600021,37.1021589357112,-98.1509067147924,36.1441,-92.1565,5.3332407649244,4.1856407439244,2001.85239997841,2002.99999999941,3010000
1366,1367,0.0168884903099986,37.1021589357112,-98.1509067147924,37.0902428422099,-98.339742344567,4.2025292342344,4.1856407439244,2001.85239997841,2001.86928846872,3010000
1367,1393,0.853290646400001,37.0902428422099,-98.339742344567,37.482710589303,-98.0937425278534,5.0558198806344,4.2025292342344,2001.86928846872,2002.72257911512,3010000
1367,1368,0.8485605754,37.0902428422099,-98.339742344567,34.4970737929175,-98.8193722277703,5.0510898096344,4.2025292342344,2001.86928846872,2002.71784904412,3010000
1368,580,0.9698509557,34.4970737929175,-98.8193722277703,31.2773,-90.1496,6.0209407653344,5.0510898096344,2002.71784904412,2003.68769999982,3010000
1368,1369,0.0154923336700001,34.4970737929175,-98.8193722277703,34.5812799769752,-98.8522452900597,5.0665821433044,5.0510898096344,2002.71784904412,2002.73334137779,3010000
1369,1383,0.0177851764800003,34.5812799769752,-98.8522452900597,35.3192458626079,-99.8491031818984,5.0843673197844,5.0665821433044,2002.73334137779,2002.75112655427,3010000
1369,1370,0.0230948578800003,34.5812799769752,-98.8522452900597,34.784484028814,-98.9020809946263,5.0896770011844,5.0665821433044,2002.73334137779,2002.75643623567,3010000
1370,1371,0.0388254096500003,34.784484028814,-98.9020809946263,35.1110478519622,-98.3056561347958,5.1285024108344,5.0896770011844,2002.75643623567,2002.79526164532,3010000
1370,1372,0.0218603634600001,34.784484028814,-98.9020809946263,34.4917863647153,-98.5825722045589,5.1115373646444,5.0896770011844,2002.75643623567,2002.77829659913,3010000
1371,555,1.204738354,35.1110478519622,-98.3056561347958,35.6076,-98.2384,6.3332407648344,5.1285024108344,2002.79526164532,2003.99999999932,3010000
1371,556,8.747238354,35.1110478519622,-98.3056561347958,35.087,-97.8891,13.8757407648344,5.1285024108344,2002.79526164532,2011.54249999932,3010000
1372,1373,0.00960166797199946,34.4917863647153,-98.5825722045589,34.4606379210067,-98.8731554788153,5.1211390326164,5.1115373646444,2002.77829659913,2002.7878982671,3010000
1372,1379,1.240148752,34.4917863647153,-98.5825722045589,33.796949377587,-99.1802556224574,6.3516861166444,5.1115373646444,2002.77829659913,2004.01844535113,3010000
1373,1374,1.228057338,34.4606379210067,-98.8731554788153,34.4027054166894,-98.65693336418,6.3491963706164,5.1211390326164,2002.7878982671,2004.0159556051,3010000
1373,557,2.877901733,34.4606379210067,-98.8731554788153,35.104,-103.0315,7.9990407656164,5.1211390326164,2002.7878982671,2005.6658000001,3010000
1374,558,2.526544395,34.4027054166894,-98.65693336418,34.3249,-92.3109,8.8757407656164,6.3491963706164,2004.0159556051,2006.5425000001,3010000
1374,1375,1.091138405,34.4027054166894,-98.65693336418,35.7613254024385,-97.6015623591262,7.4403347756164,6.3491963706164,2004.0159556051,2005.1070940101,3010000
1375,1376,2.399417152,35.7613254024385,-97.6015623591262,36.1415085123802,-93.5075063925357,9.8397519276164,7.4403347756164,2005.1070940101,2007.5065111621,3010000
1375,559,3.543205991,35.7613254024385,-97.6015623591262,36.6498,-92.7489,10.9835407666164,7.4403347756164,2005.1070940101,2008.6503000011,3010000
1376,1377,0.3179225854,36.1415085123802,-93.5075063925357,36.0672724963381,-93.501836756809,10.1576745130164,9.8397519276164,2007.5065111621,2007.8244337475,3010000
1376,1378,0.125589353200001,36.1415085123802,-93.5075063925357,36.2545262088787,-94.2019934955794,9.9653412808164,9.8397519276164,2007.5065111621,2007.6321005153,3010000
1377,561,1.356366254,36.0672724963381,-93.501836756809,36.1274,-93.1451,11.5140407670164,10.1576745130164,2007.8244337475,2009.1808000015,3010000
1377,560,1.748166254,36.0672724963381,-93.501836756809,36.245,-93.123,11.9058407670164,10.1576745130164,2007.8244337475,2009.5726000015,3010000
1378,562,2.014499486,36.2545262088787,-94.2019934955794,36.0578,-95.2707,11.9798407668164,9.9653412808164,2007.6321005153,2009.6466000013,3010000
1378,563,1.995299486,36.2545262088787,-94.2019934955794,36.5125,-93.8256,11.9606407668164,9.9653412808164,2007.6321005153,2009.6274000013,3010000
1379,1380,1.101273453,33.796949377587,-99.1802556224574,32.956045795893,-102.330229209869,7.4529595696444,6.3516861166444,2004.01844535113,2005.11971880413,3010000
1379,564,2.652754649,33.796949377587,-99.1802556224574,31.1817,-97.3564,9.0044407656444,6.3516861166444,2004.01844535113,2006.67120000013,3010000
1380,565,0.732381195199999,32.956045795893,-102.330229209869,33.0382,-102.3241,8.1853407648444,7.4529595696444,2005.11971880413,2005.85209999933,3010000
1380,1381,0.628037257199999,32.956045795893,-102.330229209869,33.3553155023069,-101.511069107612,8.0809968268444,7.4529595696444,2005.11971880413,2005.74775606133,3010000
1381,1382,2.206375862,33.3553155023069,-101.511069107612,34.1583499872594,-100.88655918321,10.2873726888444,8.0809968268444,2005.74775606133,2007.95413192333,3010000
1381,566,3.017243938,33.3553155023069,-101.511069107612,33.4518,-101.8256,11.0982407648444,8.0809968268444,2005.74775606133,2008.76499999933,3010000
1382,567,1.747268076,34.1583499872594,-100.88655918321,38.1208,-105.5028,12.0346407648444,10.2873726888444,2007.95413192333,2009.70139999933,3010000
1382,568,2.626668076,34.1583499872594,-100.88655918321,36.3546,-105.4197,12.9140407648444,10.2873726888444,2007.95413192333,2010.58079999933,3010000
1383,1384,0.027618767709999,35.3192458626079,-99.8491031818984,35.4137343756331,-99.8881499938464,5.1119860874944,5.0843673197844,2002.75112655427,2002.77874532198,3010000
1383,579,1.871873446,35.3192458626079,-99.8491031818984,33.351,-101.1171,6.9562407657844,5.0843673197844,2002.75112655427,2004.62300000027,3010000
1384,1385,0.0534782506599996,35.4137343756331,-99.8881499938464,35.2568056388904,-99.4878847665298,5.1654643381544,5.1119860874944,2002.77874532198,2002.83222357264,3010000
1384,569,2.807554678,35.4137343756331,-99.8881499938464,37.583,-97.6407,7.9195407654944,5.1119860874944,2002.77874532198,2005.58629999998,3010000
1385,570,1.167776427,35.2568056388904,-99.4878847665298,35.6036,-100.9859,6.3332407651544,5.1654643381544,2002.83222357264,2003.99999999964,3010000
1385,1386,2.24642735,35.2568056388904,-99.4878847665298,32.4396446716941,-100.54479294871,7.4118916881544,5.1654643381544,2002.83222357264,2005.07865092264,3010000
1386,578,2.280249077,32.4396446716941,-100.54479294871,32.4685,-100.6089,9.6921407651544,7.4118916881544,2005.07865092264,2007.35889999964,3010000
1386,1387,0.1113420345,32.4396446716941,-100.54479294871,32.5449743591021,-100.527045925627,7.5232337226544,7.4118916881544,2005.07865092264,2005.18999295714,3010000
1387,1388,0.00309698175600026,32.5449743591021,-100.527045925627,32.4768484828234,-100.84722361961,7.5263307044104,7.5232337226544,2005.18999295714,2005.1930899389,3010000
1387,1389,2.300178517,32.5449743591021,-100.527045925627,32.0126451630727,-99.5413604541294,9.8234122396544,7.5232337226544,2005.18999295714,2007.49017147414,3010000
1388,571,2.508310061,32.4768484828234,-100.84722361961,32.6521,-100.1257,10.0346407654104,7.5263307044104,2005.1930899389,2007.7013999999,3010000
1388,572,3.367010061,32.4768484828234,-100.84722361961,32.5626,-100.9189,10.8933407654104,7.5263307044104,2005.1930899389,2008.5600999999,3010000
1389,1391,0.120433692400001,32.0126451630727,-99.5413604541294,31.9523756638034,-99.3408387154803,9.9438459320544,9.8234122396544,2007.49017147414,2007.61060516654,3010000
1389,1390,0.2500785568,32.0126451630727,-99.5413604541294,32.0868505976785,-99.9548691939373,10.0734907964544,9.8234122396544,2007.49017147414,2007.74025003094,3010000
1390,573,1.281649969,32.0868505976785,-99.9548691939373,32.3093,-99.7449,11.3551407654544,10.0734907964544,2007.74025003094,2009.02189999994,3010000
1390,574,3.281649969,32.0868505976785,-99.9548691939373,29.5854,-99.3289,13.3551407654544,10.0734907964544,2007.74025003094,2011.02189999994,3010000
1391,1392,0.2953324034,31.9523756638034,-99.3408387154803,32.1900139508785,-97.5398414933972,10.2391783354544,9.9438459320544,2007.61060516654,2007.90593756994,3010000
1391,575,1.159894833,31.9523756638034,-99.3408387154803,32.0749,-100.7323,11.1037407650544,9.9438459320544,2007.61060516654,2008.77049999954,3010000
1392,576,0.580362429699999,32.1900139508785,-97.5398414933972,32.0229,-99.8459,10.8195407651544,10.2391783354544,2007.90593756994,2008.48629999964,3010000
1392,577,1.03126243,32.1900139508785,-97.5398414933972,31.3774,-97.9127,11.2704407654544,10.2391783354544,2007.90593756994,2008.93719999994,3010000
1393,581,1.277420885,37.482710589303,-98.0937425278534,31.5657,-87.9173,6.3332407656344,5.0558198806344,2002.72257911512,2004.00000000012,3010000
1393,1394,2.425527942,37.482710589303,-98.0937425278534,37.9287814428498,-101.948750709347,7.4813478226344,5.0558198806344,2002.72257911512,2005.14810705712,3010000
1394,582,1.490292942,37.9287814428498,-101.948750709347,33.4475,-111.6632,8.9716407646344,7.4813478226344,2005.14810705712,2006.63839999912,3010000
1394,583,1.851892942,37.9287814428498,-101.948750709347,44.9159,-99.5846,9.3332407646344,7.4813478226344,2005.14810705712,2006.99999999912,3010000
1395,598,2.556219926,43.5601145879091,-86.329862691052,42.9218,-84.5308,5.990740764869,3.434520838869,2001.10128007336,2003.65749999936,3010000
1395,1396,0.0136631948900003,43.5601145879091,-86.329862691052,43.4954356222489,-86.3064165025648,3.448184033759,3.434520838869,2001.10128007336,2001.11494326825,3010000
1396,1397,0.00811229131299918,43.4954356222489,-86.3064165025648,43.5239623210604,-85.9951601567791,3.456296325072,3.448184033759,2001.11494326825,2001.12305555956,3010000
1396,587,1.580956732,43.4954356222489,-86.3064165025648,32.4312,-100.9574,5.029140765759,3.448184033759,2001.11494326825,2002.69590000025,3010000
1397,1399,0.6798703913,43.5239623210604,-85.9951601567791,46.4784774775014,-97.6375523961925,4.136166716372,3.456296325072,2001.12305555956,2001.80292595086,3010000
1397,1398,0.7309425254,43.5239623210604,-85.9951601567791,43.7553487410407,-85.4468054056248,4.187238850472,3.456296325072,2001.12305555956,2001.85399808496,3010000
1398,588,1.773401915,43.7553487410407,-85.4468054056248,30.7036,-82.7354,5.960640765472,4.187238850472,2001.85399808496,2003.62739999996,3010000
1398,589,1.724101915,43.7553487410407,-85.4468054056248,44.4292,-84.0245,5.911340765472,4.187238850472,2001.85399808496,2003.57809999996,3010000
1399,1400,0.907691064200002,46.4784774775014,-97.6375523961925,48.5553502878104,-106.111979957984,5.043857780572,4.136166716372,2001.80292595086,2002.71061701506,3010000
1399,590,1.197074049,46.4784774775014,-97.6375523961925,45.4854,-111.9189,5.333240765372,4.136166716372,2001.80292595086,2002.99999999986,3010000
1400,1401,0.00450627695699879,48.5553502878104,-106.111979957984,48.5455347348672,-106.152797935011,5.048364057529,5.043857780572,2002.71061701506,2002.71512329202,3010000
1400,1403,0.0139156170399986,48.5553502878104,-106.111979957984,48.568031897905,-106.149292092106,5.057773397612,5.043857780572,2002.71061701506,2002.7245326321,3010000
1401,1402,0.057198711849999,48.5455347348672,-106.152797935011,48.5368401764197,-106.504440540062,5.105562769379,5.048364057529,2002.71512329202,2002.77232200387,3010000
1401,593,0.2848767077,48.5455347348672,-106.152797935011,48.5926,-106.2214,5.333240765229,5.048364057529,2002.71512329202,2002.99999999972,3010000
1402,592,0.227677995800001,48.5368401764197,-106.504440540062,46.4782,-106.8637,5.333240765179,5.105562769379,2002.77232200387,2002.99999999967,3010000
1402,591,0.227677995800001,48.5368401764197,-106.504440540062,48.9467,-106.2485,5.333240765179,5.105562769379,2002.77232200387,2002.99999999967,3010000
1403,1404,0.00261102642600086,48.568031897905,-106.149292092106,48.5358218656139,-106.098255692669,5.060384424038,5.057773397612,2002.7245326321,2002.72714365853,3010000
1403,594,0.275467367600001,48.568031897905,-106.149292092106,48.6548,-106.2065,5.333240765212,5.057773397612,2002.7245326321,2002.9999999997,3010000
1404,1405,0.017303622750001,48.5358218656139,-106.098255692669,48.4717513150214,-106.102411542309,5.077688046788,5.060384424038,2002.72714365853,2002.74444728128,3010000
1404,595,0.272856341199999,48.5358218656139,-106.098255692669,48.4794,-106.0415,5.333240765238,5.060384424038,2002.72714365853,2002.99999999973,3010000
1405,596,0.255552718399999,48.4717513150214,-106.102411542309,48.5257,-106.4694,5.333240765188,5.077688046788,2002.74444728128,2002.99999999968,3010000
1405,597,0.255552718399999,48.4717513150214,-106.102411542309,48.8328,-106.0988,5.333240765188,5.077688046788,2002.74444728128,2002.99999999968,3010000
1406,1414,0.817117982200001,41.9948790171311,-75.7154562944971,42.0264761017923,-76.3422989325684,4.219703809299,3.402585827099,2001.06934506159,2001.88646304379,3010000
1406,1407,0.00827686853400067,41.9948790171311,-75.7154562944971,42.0360207753822,-76.1417590966131,3.410862695633,3.402585827099,2001.06934506159,2001.07762193012,3010000
1407,1408,0.0414502524800007,42.0360207753822,-76.1417590966131,42.0674631073597,-76.349369626061,3.452312948113,3.410862695633,2001.07762193012,2001.1190721826,3010000
1407,599,1.92237807,42.0360207753822,-76.1417590966131,39.0371,-104.3073,5.333240765633,3.410862695633,2001.07762193012,2003.00000000012,3010000
1408,1409,3.469576865,42.0674631073597,-76.349369626061,42.3778471879315,-76.3560502484182,6.921889813113,3.452312948113,2001.1190721826,2004.5886490476,3010000
1408,1410,0.731576557599999,42.0674631073597,-76.349369626061,41.5279954800129,-74.0073197570682,4.183889505713,3.452312948113,2001.1190721826,2001.8506487402,3010000
1409,601,6.118150952,42.3778471879315,-76.3560502484182,39.0842,-79.2047,13.040040765113,6.921889813113,2004.5886490476,2010.7067999996,3010000
1409,600,5.079850952,42.3778471879315,-76.3560502484182,42.263,-74.157,12.001740765113,6.921889813113,2004.5886490476,2009.6684999996,3010000
1410,1411,0.6560759705,41.5279954800129,-74.0073197570682,41.7148678788079,-74.2854130175098,4.839965476213,4.183889505713,2001.8506487402,2002.5067247107,3010000
1410,602,1.74385126,41.5279954800129,-74.0073197570682,36.907,-96.1623,5.927740765713,4.183889505713,2001.8506487402,2003.5945000002,3010000
1411,1412,0.2182004939,41.7148678788079,-74.2854130175098,40.6981028339397,-75.0423617228881,5.058165970113,4.839965476213,2002.5067247107,2002.7249252046,3010000
1411,606,4.131675289,41.7148678788079,-74.2854130175098,41.7551,-77.2964,8.971640765213,4.839965476213,2002.5067247107,2006.6383999997,3010000
1412,605,1.006574795,40.6981028339397,-75.0423617228881,32.4165,-104.8036,6.064740765113,5.058165970113,2002.7249252046,2003.7314999996,3010000
1412,1413,0.108501591500001,40.6981028339397,-75.0423617228881,40.8826837852044,-74.8042262274459,5.166667561613,5.058165970113,2002.7249252046,2002.8334267961,3010000
1413,604,1.789573204,40.8826837852044,-74.8042262274459,41.439,-77.4922,6.956240765613,5.166667561613,2002.8334267961,2004.6230000001,3010000
1413,603,1.849673204,40.8826837852044,-74.8042262274459,41.8274,-75.8106,7.016340765613,5.166667561613,2002.8334267961,2004.6831000001,3010000
1414,1415,6.024045383,42.0264761017923,-76.3422989325684,42.3971510744325,-71.1615962223047,10.243749192299,4.219703809299,2001.88646304379,2007.91050842679,3010000
1414,607,4.691636956,42.0264761017923,-76.3422989325684,42.291,-73.969,8.911340765299,4.219703809299,2001.88646304379,2006.57809999979,3010000
1415,608,3.774391573,42.3971510744325,-71.1615962223047,47.1876,-68.465,14.018140765299,10.243749192299,2007.91050842679,2011.68489999979,3010000
1415,609,0.7069915726,42.3971510744325,-71.1615962223047,42.2471,-71.1868,10.950740764899,10.243749192299,2007.91050842679,2008.61749999939,3010000
1416,1417,6.362853392,42.5577196928151,-78.4989314624651,42.5095806730558,-77.3500607624949,9.76256917998,3.39971578798,2001.06647502247,2007.42932841447,3010000
1416,1418,6.405651337,42.5577196928151,-78.4989314624651,46.0828867653557,-106.008203232233,9.80536712498,3.39971578798,2001.06647502247,2007.47212635947,3010000
1417,610,0.2090715857,42.5095806730558,-77.3500607624949,41.424,-78.2253,9.97164076568,9.76256917998,2007.42932841447,2007.63840000017,3010000
1417,611,0.2144715857,42.5095806730558,-77.3500607624949,40.3405,-75.0209,9.97704076568,9.76256917998,2007.42932841447,2007.64380000017,3010000
1418,614,1.216373641,46.0828867653557,-106.008203232233,46.5699,-105.7629,11.02174076598,9.80536712498,2007.47212635947,2008.68850000047,3010000
1418,1419,0.1947138733,46.0828867653557,-106.008203232233,46.1525454136248,-105.984310198492,10.00008099828,9.80536712498,2007.47212635947,2007.66684023277,3010000
1419,613,1.941359767,46.1525454136248,-105.984310198492,46.4709,-105.4089,11.94144076528,10.00008099828,2007.66684023277,2009.60819999977,3010000
1419,612,0.983459767399999,46.1525454136248,-105.984310198492,46.3796,-105.2074,10.98354076568,10.00008099828,2007.66684023277,2008.65030000017,3010000
1420,615,2.944092139,42.2849901841167,-74.1944622522577,44.377,-90.4435,5.94694076538,3.00284862638,2000.66960786087,2003.61369999987,3010000
1420,1421,0.370000722,42.2849901841167,-74.1944622522577,42.4206874650301,-73.1420548333372,3.37284934838,3.00284862638,2000.66960786087,2001.03960858287,3010000
1421,1423,1.711642092,42.4206874650301,-73.1420548333372,42.4927484417852,-72.8900123960468,5.08449144038,3.37284934838,2001.03960858287,2002.75125067487,3010000
1421,1422,8.588803116,42.4206874650301,-73.1420548333372,43.0726223724965,-75.2378528069184,11.96165246438,3.37284934838,2001.03960858287,2009.62841169887,3010000
1422,617,2.934388301,43.0726223724965,-75.2378528069184,44.9554,-74.0216,14.89604076538,11.96165246438,2009.62841169887,2012.56279999987,3010000
1422,616,1.914088301,43.0726223724965,-75.2378528069184,43.2071,-74.2716,13.87574076538,11.96165246438,2009.62841169887,2011.54249999987,3010000
1423,618,7.873449324,42.4927484417852,-72.8900123960468,36.8595,-76.5606,12.95794076438,5.08449144038,2002.75125067487,2010.62469999887,3010000
1423,619,5.858049324,42.4927484417852,-72.8900123960468,34.8991,-116.0692,10.94254076438,5.08449144038,2002.75125067487,2008.60929999887,3010000
1424,1463,0.0109039015200008,42.4587045233473,-73.6338209081003,42.5923784441412,-73.2910669700501,3.07992214272,3.0690182412,2000.73577747569,2000.74668137721,3010000
1424,1425,0.00674402355499915,42.4587045233473,-73.6338209081003,42.5186786224156,-73.4365540774265,3.075762264755,3.0690182412,2000.73577747569,2000.74252149924,3010000
1425,1445,0.0300577031000007,42.5186786224156,-73.4365540774265,42.2980157067011,-73.4267901496788,3.105819967855,3.075762264755,2000.74252149924,2000.77257920234,3010000
1425,1426,0.0267402706500004,42.5186786224156,-73.4365540774265,42.0471908752272,-74.0755364951544,3.102502535405,3.075762264755,2000.74252149924,2000.76926176989,3010000
1426,1427,0.2331485151,42.0471908752272,-74.0755364951544,41.9854742493544,-73.9154571123764,3.335651050505,3.102502535405,2000.76926176989,2001.00241028499,3010000
1426,1435,0.02009014319,42.0471908752272,-74.0755364951544,42.1714267280421,-73.6546149791355,3.122592678595,3.102502535405,2000.76926176989,2000.78935191308,3010000
1427,1428,0.0130473957500001,41.9854742493544,-73.9154571123764,41.9732380290234,-73.8824297156121,3.348698446255,3.335651050505,2001.00241028499,2001.01545768074,3010000
1427,620,1.997589715,41.9854742493544,-73.9154571123764,45.0312,-115.3329,5.333240765505,3.335651050505,2001.00241028499,2002.99999999999,3010000
1428,628,5.647542319,41.9732380290234,-73.8824297156121,41.4805,-73.7132,8.996240765255,3.348698446255,2001.01545768074,2006.66299999974,3010000
1428,1429,0.6204427277,41.9732380290234,-73.8824297156121,42.3464607820677,-79.0773485185172,3.969141173955,3.348698446255,2001.01545768074,2001.63590040844,3010000
1429,1430,0.2059695212,42.3464607820677,-79.0773485185172,42.2914965081375,-78.0498698132956,4.175110695155,3.969141173955,2001.63590040844,2001.84186992964,3010000
1429,627,1.972299591,42.3464607820677,-79.0773485185172,42.7956,-96.0894,5.941440764955,3.969141173955,2001.63590040844,2003.60819999944,3010000
1430,621,1.15813007,42.2914965081375,-78.0498698132956,37.6973,-114.7253,5.333240765155,4.175110695155,2001.84186992964,2002.99999999964,3010000
1430,1431,0.886097959300001,42.2914965081375,-78.0498698132956,33.3379411946509,-100.823872580263,5.061208654455,4.175110695155,2001.84186992964,2002.72796788894,3010000
1431,1434,0.00548106693099903,33.3379411946509,-100.823872580263,33.3540982801147,-100.872825489935,5.066689721386,5.061208654455,2002.72796788894,2002.73344895587,3010000
1431,1432,0.000289215836899004,33.3379411946509,-100.823872580263,33.3346142514752,-100.768710907168,5.0614978702919,5.061208654455,2002.72796788894,2002.72825710478,3010000
1432,624,2.879942895,33.3346142514752,-100.768710907168,35.4078,-107.1468,7.9414407652919,5.0614978702919,2002.72825710478,2005.60819999978,3010000
1432,1433,0.00875999684600082,33.3346142514752,-100.768710907168,33.3436477561419,-100.785357346103,5.0702578671379,5.0614978702919,2002.72825710478,2002.73701710163,3010000
1433,622,0.262982898199999,33.3436477561419,-100.785357346103,37.4732,-117.9827,5.3332407653379,5.0702578671379,2002.73701710163,2002.99999999983,3010000
1433,623,7.912282898,33.3436477561419,-100.785357346103,35.3109,-106.8256,12.9825407651379,5.0702578671379,2002.73701710163,2010.64929999963,3010000
1434,626,0.861051044,33.3540982801147,-100.872825489935,38.7015,-103.8705,5.927740765386,5.066689721386,2002.73344895587,2003.59449999987,3010000
1434,625,0.266551044,33.3540982801147,-100.872825489935,38.2073,-115.6105,5.333240765386,5.066689721386,2002.73344895587,2002.99999999987,3010000
1435,639,1.917448087,42.1714267280421,-73.6546149791355,42.8277,-72.5863,5.040040765595,3.122592678595,2000.78935191308,2002.70680000008,3010000
1435,1436,0.232047744000001,42.1714267280421,-73.6546149791355,42.204548901824,-73.3562377815147,3.354640422595,3.122592678595,2000.78935191308,2001.02139965708,3010000
1436,1437,0.0577093955399999,42.204548901824,-73.3562377815147,42.2188469453497,-73.2633988337053,3.412349818135,3.354640422595,2001.02139965708,2001.07910905262,3010000
1436,1440,0.0799984247399994,42.204548901824,-73.3562377815147,42.2791951348574,-73.2504083817224,3.434638847335,3.354640422595,2001.02139965708,2001.10139808182,3010000
1437,1438,0.0221826417699997,42.2188469453497,-73.2633988337053,41.9963845662852,-73.0181304648281,3.434532459905,3.412349818135,2001.07910905262,2001.10129169439,3010000
1437,1439,0.0218985480199994,42.2188469453497,-73.2633988337053,42.1857165347414,-72.7108952016205,3.434248366155,3.412349818135,2001.07910905262,2001.10100760064,3010000
1438,629,0.8987083054,41.9963845662852,-73.0181304648281,34.5325,-101.0868,4.333240765305,3.434532459905,2001.10129169439,2001.99999999979,3010000
1438,630,1.594608305,41.9963845662852,-73.0181304648281,46.1417,-84.1092,5.029140764905,3.434532459905,2001.10129169439,2002.69589999939,3010000
1439,632,3.551992399,42.1857165347414,-72.7108952016205,41.6394,-73.6549,6.986240765155,3.434248366155,2001.10100760064,2004.65299999964,3010000
1439,631,4.657892399,42.1857165347414,-72.7108952016205,41.9164,-72.819,8.092140765155,3.434248366155,2001.10100760064,2005.75889999964,3010000
1440,638,1.632801918,42.2791951348574,-73.2504083817224,41.9845,-73.5867,5.067440765335,3.434638847335,2001.10139808182,2002.73419999982,3010000
1440,1441,2.955627426,42.2791951348574,-73.2504083817224,42.6381686348444,-72.6372653411714,6.390266273335,3.434638847335,2001.10139808182,2004.05702550782,3010000
1441,633,2.584074492,42.6381686348444,-72.6372653411714,42.9784,-73.1893,8.974340765335,6.390266273335,2004.05702550782,2006.64109999982,3010000
1441,1442,3.566158778,42.6381686348444,-72.6372653411714,38.4216016534321,-78.2382516924246,9.956425051335,6.390266273335,2004.05702550782,2007.62318428582,3010000
1442,637,4.004215713,38.4216016534321,-78.2382516924246,41.4072,-79.3733,13.960640764335,9.956425051335,2007.62318428582,2011.62739999882,3010000
1442,1443,0.321714458800001,38.4216016534321,-78.2382516924246,38.4651606290843,-78.11210466921,10.278139510135,9.956425051335,2007.62318428582,2007.94489874462,3010000
1443,636,2.027701255,38.4651606290843,-78.11210466921,37.5825,-76.4764,12.305840765135,10.278139510135,2007.94489874462,2009.97259999962,3010000
1443,1444,1.825333338,38.4651606290843,-78.11210466921,42.2695874571587,-72.4481047239241,12.103472848135,10.278139510135,2007.94489874462,2009.77023208262,3010000
1444,634,2.912867916,42.2695874571587,-72.4481047239241,44.3252,-75.5339,15.016340764135,12.103472848135,2009.77023208262,2012.68309999862,3010000
1444,635,1.947567916,42.2695874571587,-72.4481047239241,42.1317,-73.616,14.051040764135,12.103472848135,2009.77023208262,2011.71779999862,3010000
1445,1448,0.0012284589100009,42.2980157067011,-73.4267901496788,42.2985527561684,-73.4293063042039,3.107048426765,3.105819967855,2000.77257920234,2000.77380766125,3010000
1445,1446,0.07490162679,42.2980157067011,-73.4267901496788,42.330907277277,-73.4275537533103,3.180721594645,3.105819967855,2000.77257920234,2000.84748082913,3010000
1446,1447,1.923599594,42.330907277277,-73.4275537533103,42.477880430159,-72.6037961966134,5.104321188645,3.180721594645,2000.84748082913,2002.77108042313,3010000
1446,640,1.862119171,42.330907277277,-73.4275537533103,43.0109,-78.8498,5.042840765645,3.180721594645,2000.84748082913,2002.70960000013,3010000
1447,642,0.982319576400002,42.477880430159,-72.6037961966134,42.3104,-73.7285,6.086640765045,5.104321188645,2002.77108042313,2003.75339999953,3010000
1447,641,2.938519576,42.477880430159,-72.6037961966134,42.7246,-73.5848,8.042840764645,5.104321188645,2002.77108042313,2005.70959999913,3010000
1448,1449,0.238222107799999,42.2985527561684,-73.4293063042039,42.341805132967,-73.4288340752657,3.345270534565,3.107048426765,2000.77380766125,2001.01202976905,3010000
1448,1456,0.274454853599998,42.2985527561684,-73.4293063042039,42.32083392605,-73.4994760879026,3.381503280365,3.107048426765,2000.77380766125,2001.04826251485,3010000
1449,1450,0.00390101911199991,42.341805132967,-73.4288340752657,42.3329371716481,-73.3090974380051,3.349171553677,3.345270534565,2001.01202976905,2001.01593078816,3010000
1449,643,1.987970231,42.341805132967,-73.4288340752657,33.2818,-115.3903,5.333240765565,3.345270534565,2001.01202976905,2003.00000000005,3010000
1450,1451,0.803822068800001,42.3329371716481,-73.3090974380051,42.346357361236,-73.3265190545136,4.152993622477,3.349171553677,2001.01593078816,2001.81975285696,3010000
1450,1454,0.106035046100001,42.3329371716481,-73.3090974380051,42.2440691338993,-73.5157306152471,3.455206599777,3.349171553677,2001.01593078816,2001.12196583426,3010000
1451,1453,0.9425454381,42.346357361236,-73.3265190545136,43.159056860167,-77.1097653251028,5.095539060577,4.152993622477,2001.81975285696,2002.76229829506,3010000
1451,1452,7.637335657,42.346357361236,-73.3265190545136,43.2286198692556,-72.3243905617902,11.790329279477,4.152993622477,2001.81975285696,2009.45708851396,3010000
1452,645,0.189511485900001,43.2286198692556,-72.3243905617902,43.0753,-72.4618,11.979840765377,11.790329279477,2009.45708851396,2009.64659999986,3010000
1452,644,0.197711485899999,43.2286198692556,-72.3243905617902,42.8253,-72.4174,11.988040765377,11.790329279477,2009.45708851396,2009.65479999986,3010000
1453,646,3.922601705,43.159056860167,-77.1097653251028,42.426,-74.5545,9.018140765577,5.095539060577,2002.76229829506,2006.68490000006,3010000
1453,647,3.237701705,43.159056860167,-77.1097653251028,42.4491,-96.7123,8.333240765577,5.095539060577,2002.76229829506,2006.00000000006,3010000
1454,1455,1.641599923,42.2440691338993,-73.5157306152471,43.0835821544741,-75.6402981393139,5.096806522777,3.455206599777,2001.12196583426,2002.76356575726,3010000
1454,648,2.565734166,42.2440691338993,-73.5157306152471,45.2106,-67.5833,6.020940765777,3.455206599777,2001.12196583426,2003.68770000026,3010000
1455,649,2.874834242,43.0835821544741,-75.6402981393139,45.5119,-69.979,7.971640764777,5.096806522777,2002.76356575726,2005.63839999926,3010000
1455,650,4.836434242,43.0835821544741,-75.6402981393139,42.8029,-72.9335,9.933240764777,5.096806522777,2002.76356575726,2007.59999999926,3010000
1456,1457,1.734040429,42.32083392605,-73.4994760879026,42.7852135862219,-74.0537517132433,5.115543709365,3.381503280365,2001.04826251485,2002.78230294385,3010000
1456,1458,0.0190578418000005,42.32083392605,-73.4994760879026,42.3521352947709,-73.4339521073603,3.400561122165,3.381503280365,2001.04826251485,2001.06732035665,3010000
1457,651,0.856097056200001,42.7852135862219,-74.0537517132433,44.5595,-72.5438,5.971640765565,5.115543709365,2002.78230294385,2003.63840000005,3010000
1457,652,0.8450970562,42.7852135862219,-74.0537517132433,42.3777,-74.8983,5.960640765565,5.115543709365,2002.78230294385,2003.62740000005,3010000
1458,1462,6.235743424,42.3521352947709,-73.4339521073603,42.637107320959,-72.0970885717741,9.636304546165,3.400561122165,2001.06732035665,2007.30306378065,3010000
1458,1459,1.715698734,42.3521352947709,-73.4339521073603,41.4711894271638,-74.7839246126078,5.116259856165,3.400561122165,2001.06732035665,2002.78301909065,3010000
1459,1461,0.166809430399999,41.4711894271638,-74.7839246126078,41.7574452258117,-72.8090069089632,5.283069286565,5.116259856165,2002.78301909065,2002.94982852105,3010000
1459,1460,0.0703598635800002,41.4711894271638,-74.7839246126078,41.5985395689993,-74.7370200016126,5.186619719745,5.116259856165,2002.78301909065,2002.85337895423,3010000
1460,653,2.146621046,41.5985395689993,-74.7370200016126,39.6208,-106.7547,7.333240765745,5.186619719745,2002.85337895423,2005.00000000023,3010000
1460,654,4.886321046,41.5985395689993,-74.7370200016126,41.931,-74.1127,10.072940765745,5.186619719745,2002.85337895423,2007.73970000023,3010000
1461,656,3.688571479,41.7574452258117,-72.8090069089632,41.5509,-73.9949,8.971640765565,5.283069286565,2002.94982852105,2006.63840000005,3010000
1461,655,6.715971479,41.7574452258117,-72.8090069089632,35.7967,-76.3385,11.999040765565,5.283069286565,2002.94982852105,2009.66580000005,3010000
1462,657,1.31173622,42.637107320959,-72.0970885717741,42.0714,-72.0104,10.948040766165,9.636304546165,2007.30306378065,2008.61480000065,3010000
1462,658,1.38273622,42.637107320959,-72.0970885717741,42.5413,-72.5465,11.019040766165,9.636304546165,2007.30306378065,2008.68580000065,3010000
1463,1464,0.2448059465,42.5923784441412,-73.2910669700501,42.1632103448807,-72.9138749850574,3.32472808922,3.07992214272,2000.74668137721,2000.99148732371,3010000
1463,1481,0.0285137535099995,42.5923784441412,-73.2910669700501,42.8649774638753,-73.1828357492626,3.10843589623,3.07992214272,2000.74668137721,2000.77519513072,3010000
1464,1466,0.00313758663499897,42.1632103448807,-72.9138749850574,42.2227022508702,-72.4303454354893,3.327865675855,3.32472808922,2000.99148732371,2000.99462491034,3010000
1464,1465,0.0420203176499996,42.1632103448807,-72.9138749850574,42.2142723053973,-72.6420152789912,3.36674840687,3.32472808922,2000.99148732371,2001.03350764136,3010000
1465,660,7.548492358,42.2142723053973,-72.6420152789912,41.9883,-73.3621,10.91524076487,3.36674840687,2001.03350764136,2008.58199999936,3010000
1465,659,3.575792358,42.2142723053973,-72.6420152789912,41.8268,-72.7687,6.94254076487,3.36674840687,2001.03350764136,2004.60929999936,3010000
1466,1467,0.0000747076928497847,42.2227022508702,-72.4303454354893,42.2314409766528,-72.4274191808463,3.32794038354785,3.327865675855,2000.99462491034,2000.99469961804,3010000
1466,1479,0.281640106300001,42.2227022508702,-72.4303454354893,38.4772729918896,-80.5089341927077,3.609505782155,3.327865675855,2000.99462491034,2001.27626501664,3010000
1467,1468,0.0163997966500009,42.2314409766528,-72.4274191808463,42.2627344832922,-72.3711900193147,3.34434018019785,3.32794038354785,2000.99469961804,2001.01109941469,3010000
1467,1473,0.0564921465200001,42.2314409766528,-72.4274191808463,42.2706480555369,-72.2980919448998,3.38443253006785,3.32794038354785,2000.99469961804,2001.05119176456,3010000
1468,1470,0.0329767201600006,42.2627344832922,-72.3711900193147,42.1047215835601,-72.965985274206,3.37731690035785,3.34434018019785,2001.01109941469,2001.04407613485,3010000
1468,1469,0.0922675130500004,42.2627344832922,-72.3711900193147,42.2718438181912,-72.2009802747608,3.43660769324785,3.34434018019785,2001.01109941469,2001.10336692774,3010000
1469,662,4.573333072,42.2718438181912,-72.2009802747608,42.9701,-72.7343,8.00994076524785,3.43660769324785,2001.10336692774,2005.67669999974,3010000
1469,661,1.595233072,42.2718438181912,-72.2009802747608,41.4363,-73.5312,5.03184076524785,3.43660769324785,2001.10336692774,2002.69859999974,3010000
1470,666,1.572323865,42.1047215835601,-72.965985274206,41.996,-71.0872,4.94964076535785,3.37731690035785,2001.04407613485,2002.61639999985,3010000
1470,1471,0.0168399772899992,42.1047215835601,-72.965985274206,42.1306665231875,-73.2384059826906,3.39415687764785,3.37731690035785,2001.04407613485,2001.06091611214,3010000
1471,663,1.632283888,42.1306665231875,-73.2384059826906,41.8659,-74.4118,5.02644076564785,3.39415687764785,2001.06091611214,2002.69320000014,3010000
1471,1472,0.311741403899999,42.1306665231875,-73.2384059826906,42.0786566629504,-72.9306933164169,3.70589828154785,3.39415687764785,2001.06091611214,2001.37265751604,3010000
1472,665,1.627342484,42.0786566629504,-72.9306933164169,39.3477,-81.5718,5.33324076554785,3.70589828154785,2001.37265751604,2003.00000000004,3010000
1472,664,1.356142484,42.0786566629504,-72.9306933164169,42.2704,-74.1855,5.06204076554785,3.70589828154785,2001.37265751604,2002.72880000004,3010000
1473,1475,0.777157242900001,42.2706480555369,-72.2980919448998,41.6759998863868,-73.8136350209662,4.16158977296785,3.38443253006785,2001.05119176456,2001.82834900746,3010000
1473,1474,0.1387981606,42.2706480555369,-72.2980919448998,42.0414495249997,-72.4886257635111,3.52323069066785,3.38443253006785,2001.05119176456,2001.18998992516,3010000
1474,667,2.519610075,42.0414495249997,-72.4886257635111,42.0043,-73.2207,6.04284076566785,3.52323069066785,2001.18998992516,2003.70960000016,3010000
1474,668,8.516810075,42.0414495249997,-72.4886257635111,41.2855,-79.9163,12.0400407656679,3.52323069066785,2001.18998992516,2009.70680000016,3010000
1475,1476,0.903875481099998,41.6759998863868,-73.8136350209662,37.224028159311,-113.923817801426,5.06546525406785,4.16158977296785,2001.82834900746,2002.73222448856,3010000
1475,669,1.171650992,41.6759998863868,-73.8136350209662,37.36,-114.5339,5.33324076496785,4.16158977296785,2001.82834900746,2002.99999999946,3010000
1476,673,0.2677755112,37.224028159311,-113.923817801426,38.0105,-115.7625,5.33324076526785,5.06546525406785,2002.73222448856,2002.99999999976,3010000
1476,1477,0.0229241907100004,37.224028159311,-113.923817801426,37.2188318730112,-114.007664834342,5.08838944477785,5.06546525406785,2002.73222448856,2002.75514867927,3010000
1477,1478,0.0329841943400009,37.2188318730112,-114.007664834342,37.3677431736076,-114.111347851707,5.12137363911785,5.08838944477785,2002.75514867927,2002.78813287361,3010000
1477,672,0.2448513205,37.2188318730112,-114.007664834342,37.6311,-114.3533,5.33324076527785,5.08838944477785,2002.75514867927,2002.99999999977,3010000
1478,671,0.2118671261,37.3677431736076,-114.111347851707,37.3956,-114.1243,5.33324076521785,5.12137363911785,2002.78813287361,2002.99999999971,3010000
1478,670,0.7118671261,37.3677431736076,-114.111347851707,37.7445,-114.1614,5.83324076521785,5.12137363911785,2002.78813287361,2003.49999999971,3010000
1479,1480,1.484452012,38.4772729918896,-80.5089341927077,38.352184205646,-81.9398792698459,5.093957794155,3.609505782155,2001.27626501664,2002.76071702864,3010000
1479,674,2.342934983,38.4772729918896,-80.5089341927077,39.3773,-85.4518,5.952440765155,3.609505782155,2001.27626501664,2003.61919999964,3010000
1480,675,1.911382971,38.352184205646,-81.9398792698459,37.1727,-78.6572,7.005340765155,5.093957794155,2002.76071702864,2004.67209999964,3010000
1480,676,4.800882971,38.352184205646,-81.9398792698459,38.0103,-79.7874,9.894840765155,5.093957794155,2002.76071702864,2007.56159999964,3010000
1481,1490,0.0753491187800002,42.8649774638753,-73.1828357492626,42.8387650347672,-73.1176872597718,3.18378501501,3.10843589623,2000.77519513072,2000.8505442495,3010000
1481,1482,0.2222040522,42.8649774638753,-73.1828357492626,42.883770561145,-73.1356234914787,3.33063994843,3.10843589623,2000.77519513072,2000.99739918292,3010000
1482,1483,0.0598443600999996,42.883770561145,-73.1356234914787,42.874720075147,-73.168071497543,3.39048430853,3.33063994843,2000.99739918292,2001.05724354302,3010000
1482,685,2.649200817,42.883770561145,-73.1356234914787,43.9998,-76.0397,5.97984076543,3.33063994843,2000.99739918292,2003.64659999992,3010000
1483,1487,1.120922626,42.874720075147,-73.168071497543,41.7609009716122,-73.4313426853882,4.51140693453,3.39048430853,2001.05724354302,2002.17816616902,3010000
1483,1484,0.042163132779999,42.874720075147,-73.168071497543,42.9022323020552,-73.1709806513698,3.43264744131,3.39048430853,2001.05724354302,2001.0994066758,3010000
1484,680,2.643093324,42.9022323020552,-73.1709806513698,42.6469,-73.8859,6.07574076531,3.43264744131,2001.0994066758,2003.7424999998,3010000
1484,1485,0.698762260900001,42.9022323020552,-73.1709806513698,42.9975477611659,-72.9992414693037,4.13140970221,3.43264744131,2001.0994066758,2001.7981689367,3010000
1485,679,1.796331063,42.9975477611659,-72.9992414693037,40.062,-83.1056,5.92774076521,4.13140970221,2001.7981689367,2003.5944999997,3010000
1485,1486,0.109663352,42.9975477611659,-72.9992414693037,43.0816223194196,-72.738571914054,4.24107305421,4.13140970221,2001.7981689367,2001.9078322887,3010000
1486,678,0.708567711100001,43.0816223194196,-72.738571914054,43.6457,-70.976,4.94964076531,4.24107305421,2001.9078322887,2002.6163999998,3010000
1486,677,1.823667711,43.0816223194196,-72.738571914054,43.3517,-70.5872,6.06474076521,4.24107305421,2001.9078322887,2003.7314999997,3010000
1487,684,5.482133831,41.7609009716122,-73.4313426853882,41.7447,-73.4327,9.99354076553,4.51140693453,2002.17816616902,2007.66030000002,3010000
1487,1488,0.5389914977,41.7609009716122,-73.4313426853882,41.7774552363603,-73.5634620582142,5.05039843223,4.51140693453,2002.17816616902,2002.71715766672,3010000
1488,681,6.934942333,41.7774552363603,-73.5634620582142,41.8087,-72.4559,11.98534076523,5.05039843223,2002.71715766672,2009.65209999972,3010000
1488,1489,0.0447351393200002,41.7774552363603,-73.5634620582142,41.3820692638467,-73.2887335490178,5.09513357155,5.05039843223,2002.71715766672,2002.76189280604,3010000
1489,682,6.925807194,41.3820692638467,-73.2887335490178,42.097,-71.7952,12.02094076555,5.09513357155,2002.76189280604,2009.68770000004,3010000
1489,683,7.871007194,41.3820692638467,-73.2887335490178,41.3823,-72.8079,12.96614076555,5.09513357155,2002.76189280604,2010.63290000004,3010000
1490,1505,0.116134002399999,42.8387650347672,-73.1176872597718,42.4931978895867,-74.1848981239046,3.29991901741,3.18378501501,2000.8505442495,2000.9666782519,3010000
1490,1491,0.0520495782400001,42.8387650347672,-73.1176872597718,42.6608747067705,-73.426472697138,3.23583459325,3.18378501501,2000.8505442495,2000.90259382774,3010000
1491,1492,0.0737198904199996,42.6608747067705,-73.426472697138,42.6322760738327,-73.1438587863748,3.30955448367,3.23583459325,2000.90259382774,2000.97631371816,3010000
1491,1495,0.1339393883,42.6608747067705,-73.426472697138,43.0310762602311,-74.0753598175665,3.36977398155,3.23583459325,2000.90259382774,2001.03653321604,3010000
1492,689,2.755186282,42.6322760738327,-73.1438587863748,41.7422,-73.7776,6.06474076567,3.30955448367,2000.97631371816,2003.73150000016,3010000
1492,1493,0.115672459699999,42.6322760738327,-73.1438587863748,42.8881773375952,-72.8707131944014,3.42522694337,3.30955448367,2000.97631371816,2001.09198617786,3010000
1493,1494,0.0812281854500014,42.8881773375952,-72.8707131944014,42.5114313900517,-73.5773401765799,3.50645512882,3.42522694337,2001.09198617786,2001.17321436331,3010000
1493,688,1.565513822,42.8881773375952,-72.8707131944014,42.8688,-72.0031,4.99074076537,3.42522694337,2001.09198617786,2002.65749999986,3010000
1494,686,2.596685636,42.5114313900517,-73.5773401765799,27.6451,-99.2458,6.10314076482,3.50645512882,2001.17321436331,2003.76989999931,3010000
1494,687,1.826785636,42.5114313900517,-73.5773401765799,39.81,-76.2997,5.33324076482,3.50645512882,2001.17321436331,2002.99999999931,3010000
1495,1496,1.734376538,43.0310762602311,-74.0753598175665,41.4873740706036,-74.1843220181105,5.10415051955,3.36977398155,2001.03653321604,2002.77090975404,3010000
1495,1499,0.0145135028199999,43.0310762602311,-74.0753598175665,43.3194245951529,-72.4871562662031,3.38428748437,3.36977398155,2001.03653321604,2001.05104671886,3010000
1496,1497,0.0676310859499996,41.4873740706036,-74.1843220181105,41.4892438685379,-73.9260019940875,5.1717816055,5.10415051955,2002.77090975404,2002.83854083999,3010000
1496,693,0.859190245800001,41.4873740706036,-74.1843220181105,41.413,-73.3778,5.96334076535,5.10415051955,2002.77090975404,2003.63009999984,3010000
1497,1498,2.875659766,41.4892438685379,-73.9260019940875,44.6490176089986,-73.3554429452577,8.0474413715,5.1717816055,2002.83854083999,2005.71420060599,3010000
1497,692,0.808059159800001,41.4892438685379,-73.9260019940875,42.159,-73.9289,5.9798407653,5.1717816055,2002.83854083999,2003.64659999979,3010000
1498,691,1.883099394,44.6490176089986,-73.3554429452577,41.61,-73.2297,9.9305407655,8.0474413715,2005.71420060599,2007.59729999999,3010000
1498,690,0.891299394200001,44.6490176089986,-73.3554429452577,44.4833,-74.2544,8.9387407657,8.0474413715,2005.71420060599,2006.60550000019,3010000
1499,700,2.058553281,43.3194245951529,-72.4871562662031,45.9986,-70.1248,5.44284076537,3.38428748437,2001.05104671886,2003.10959999986,3010000
1499,1500,0.776162978699999,43.3194245951529,-72.4871562662031,43.5129281699568,-71.3473838839028,4.16045046307,3.38428748437,2001.05104671886,2001.82720969756,3010000
1500,694,0.838590302300002,43.5129281699568,-71.3473838839028,44.6348,-68.8734,4.99904076537,4.16045046307,2001.82720969756,2002.66579999986,3010000
1500,1501,0.01754396786,43.5129281699568,-71.3473838839028,43.7562387871993,-71.7121835975828,4.17799443093,4.16045046307,2001.82720969756,2001.84475366542,3010000
1501,1502,0.871304100500002,43.7562387871993,-71.7121835975828,42.9653149501556,-72.6069543327937,5.04929853143,4.17799443093,2001.84475366542,2002.71605776592,3010000
1501,695,1.862046334,43.7562387871993,-71.7121835975828,44.8522,-70.9568,6.04004076493,4.17799443093,2001.84475366542,2003.70679999942,3010000
1502,1503,1.263285528,42.9653149501556,-72.6069543327937,41.4781800407805,-72.0880169550808,6.31258405943,5.04929853143,2002.71605776592,2003.97934329392,3010000
1502,696,3.946942234,42.9653149501556,-72.6069543327937,42.1449,-73.796,8.99624076543,5.04929853143,2002.71605776592,2006.66299999992,3010000
1503,697,0.4523567059,41.4781800407805,-72.0880169550808,41.5367,-72.5313,6.76494076533,6.31258405943,2003.97934329392,2004.43169999982,3010000
1503,1504,1.207514864,41.4781800407805,-72.0880169550808,41.5067062584605,-72.3590311930812,7.52009892343,6.31258405943,2003.97934329392,2005.18685815792,3010000
1504,698,0.555641842,41.5067062584605,-72.3590311930812,42.005,-73.4864,8.07574076543,7.52009892343,2005.18685815792,2005.74249999992,3010000
1504,699,0.506341841999999,41.5067062584605,-72.3590311930812,42.1346,-73.445,8.02644076543,7.52009892343,2005.18685815792,2005.69319999992,3010000
1505,1510,0.00642831218500106,42.4931978895867,-74.1848981239046,42.5288367219658,-74.383402230057,3.306347329595,3.29991901741,2000.9666782519,2000.97310656408,3010000
1505,1506,1.863037241,42.4931978895867,-74.1848981239046,44.5784756333322,-77.2979045563576,5.16295625841,3.29991901741,2000.9666782519,2002.8297154929,3010000
1506,1507,1.071503164,44.5784756333322,-77.2979045563576,44.3578793007299,-71.7729215500338,6.23445942241,5.16295625841,2002.8297154929,2003.9012186569,3010000
1506,1509,4.59430758,44.5784756333322,-77.2979045563576,44.5492994225931,-77.8163832271748,9.75726383841,5.16295625841,2002.8297154929,2007.4240230729,3010000
1507,1508,0.075012695069999,44.3578793007299,-71.7729215500338,44.5225857334663,-71.7862270310846,6.30947211748,6.23445942241,2003.9012186569,2003.97623135197,3010000
1507,703,8.836481343,44.3578793007299,-71.7729215500338,43.5742,-70.6969,15.07094076541,6.23445942241,2003.9012186569,2012.7376999999,3010000
1508,701,2.686768648,44.5225857334663,-71.7862270310846,44.6453,-71.7694,8.99624076548,6.30947211748,2003.97623135197,2006.66299999997,3010000
1508,702,5.670368648,44.5225857334663,-71.7862270310846,43.8077,-74.3926,11.97984076548,6.30947211748,2003.97623135197,2009.64659999997,3010000
1509,704,1.212576927,44.5492994225931,-77.8163832271748,46.0074,-91.8284,10.96984076541,9.75726383841,2007.4240230729,2008.6365999999,3010000
1509,705,1.575976927,44.5492994225931,-77.8163832271748,39.9104,-92.7162,11.33324076541,9.75726383841,2007.4240230729,2008.9999999999,3010000
1510,1511,0.0439063697600002,42.5288367219658,-74.383402230057,42.5832579526128,-74.0376791611284,3.350253699355,3.306347329595,2000.97310656408,2001.01701293384,3010000
1510,1527,0.00793749353299944,42.5288367219658,-74.383402230057,42.4091599926068,-74.1497952648407,3.314284823128,3.306347329595,2000.97310656408,2000.98104405762,3010000
1511,1512,0.04985370174,42.5832579526128,-74.0376791611284,42.3036052960454,-73.7381203980362,3.400107401095,3.350253699355,2001.01701293384,2001.06686663558,3010000
1511,1520,0.00729815050699933,42.5832579526128,-74.0376791611284,42.257008303002,-74.5626865174425,3.357551849862,3.350253699355,2001.01701293384,2001.02431108435,3010000
1512,1516,0.101992293899999,42.3036052960454,-73.7381203980362,42.2916160671497,-73.8423712646334,3.502099694995,3.400107401095,2001.06686663558,2001.16885892948,3010000
1512,1513,0.0322958082499998,42.3036052960454,-73.7381203980362,42.3029378171524,-73.7423860075847,3.432403209345,3.400107401095,2001.06686663558,2001.09916244383,3010000
1513,1514,1.641976839,42.3029378171524,-73.7423860075847,41.7323809159017,-72.6008909117881,5.074380048345,3.432403209345,2001.09916244383,2002.74113928283,3010000
1513,1515,0.8381244018,42.3029378171524,-73.7423860075847,41.5511978349701,-73.165564677831,4.270527611145,3.432403209345,2001.09916244383,2001.93728684563,3010000
1514,707,1.849060717,41.7323809159017,-72.6008909117881,41.9128,-71.1117,6.923440765345,5.074380048345,2002.74113928283,2004.59019999983,3010000
1514,706,1.720560717,41.7323809159017,-72.6008909117881,41.6241,-72.6097,6.794940765345,5.074380048345,2002.74113928283,2004.46169999983,3010000
1515,708,8.807913154,41.5511978349701,-73.165564677831,41.485,-73.2221,13.078440765145,4.270527611145,2001.93728684563,2010.74519999963,3010000
1515,709,1.755913154,41.5511978349701,-73.165564677831,41.3257,-73.2394,6.026440765145,4.270527611145,2001.93728684563,2003.69319999963,3010000
1516,1517,0.540450886200002,42.2916160671497,-73.8423712646334,42.2447856389357,-73.9717547075475,4.042550581195,3.502099694995,2001.16885892948,2001.70930981568,3010000
1516,710,4.49694107,42.2916160671497,-73.8423712646334,47.6793,-91.3597,7.999040764995,3.502099694995,2001.16885892948,2005.66579999948,3010000
1517,1519,1.038509153,42.2447856389357,-73.9717547075475,42.3066728428787,-74.0047350168812,5.081059734195,4.042550581195,2001.70930981568,2002.74781896868,3010000
1517,1518,0.3276202831,42.2447856389357,-73.9717547075475,41.2697572200644,-76.723622123385,4.370170864295,4.042550581195,2001.70930981568,2002.03693009878,3010000
1518,711,1.637069901,41.2697572200644,-76.723622123385,41.5435,-80.1344,6.007240765295,4.370170864295,2002.03693009878,2003.67399999978,3010000
1518,712,0.598669900899999,41.2697572200644,-76.723622123385,41.3526,-76.9965,4.968840765195,4.370170864295,2002.03693009878,2002.63559999968,3010000
1519,714,2.252181031,42.3066728428787,-74.0047350168812,39.8912,-74.857,7.333240765195,5.081059734195,2002.74781896868,2004.99999999968,3010000
1519,713,3.868581031,42.3066728428787,-74.0047350168812,43.1089,-73.1426,8.949640765195,5.081059734195,2002.74781896868,2006.61639999968,3010000
1520,1525,0.0396953801500004,42.257008303002,-74.5626865174425,42.2418471197963,-74.6060213378626,3.397247230012,3.357551849862,2001.02431108435,2001.0640064645,3010000
1520,1521,0.00677670002199982,42.257008303002,-74.5626865174425,42.3142854875013,-74.5918137542326,3.364328549884,3.357551849862,2001.02431108435,2001.03108778437,3010000
1521,1524,0.543714208200001,42.3142854875013,-74.5918137542326,41.9619646316382,-72.3473811239516,3.908042758084,3.364328549884,2001.03108778437,2001.57480199257,3010000
1521,1522,0.00912004189800086,42.3142854875013,-74.5918137542326,42.2840744736937,-74.5099328811894,3.373448591782,3.364328549884,2001.03108778437,2001.04020782627,3010000
1522,715,2.663892173,42.2840744736937,-74.5099328811894,42.5761,-74.6187,6.037340764782,3.373448591782,2001.04020782627,2003.70409999927,3010000
1522,1523,0.784091286399999,42.2840744736937,-74.5099328811894,40.8405227918457,-76.4846383448579,4.157539878182,3.373448591782,2001.04020782627,2001.82429911267,3010000
1523,716,2.714000887,40.8405227918457,-76.4846383448579,41.5959,-73.9442,6.871540765182,4.157539878182,2001.82429911267,2004.53829999967,3010000
1523,717,0.1757008871,40.8405227918457,-76.4846383448579,35.0784,-90.5731,4.333240765282,4.157539878182,2001.82429911267,2001.99999999977,3010000
1524,719,0.425198007199999,41.9619646316382,-72.3473811239516,42.8114,-76.2135,4.333240765284,3.908042758084,2001.57480199257,2001.99999999977,3010000
1524,718,1.071798007,41.9619646316382,-72.3473811239516,42.1341,-72.2171,4.979840765084,3.908042758084,2001.57480199257,2002.64659999957,3010000
1525,722,3.460593535,42.2418471197963,-74.6060213378626,41.4472,-76.6127,6.857840765012,3.397247230012,2001.0640064645,2004.5245999995,3010000
1525,1526,4.189141513,42.2418471197963,-74.6060213378626,41.7664099306784,-75.7454765089511,7.586388743012,3.397247230012,2001.0640064645,2005.2531479775,3010000
1526,720,1.311252022,41.7664099306784,-75.7454765089511,42.0235,-73.9805,8.897640765012,7.586388743012,2005.2531479775,2006.5643999995,3010000
1526,721,1.478352022,41.7664099306784,-75.7454765089511,41.8301,-75.021,9.064740765012,7.586388743012,2005.2531479775,2006.7314999995,3010000
1527,1533,0.0934927181099994,42.4091599926068,-74.1497952648407,42.1269497291593,-75.8588360442313,3.407777541238,3.314284823128,2000.98104405762,2001.07453677573,3010000
1527,1528,0.188339581700001,42.4091599926068,-74.1497952648407,41.1745958358395,-74.6463842791893,3.502624404828,3.314284823128,2000.98104405762,2001.16938363932,3010000
1528,1531,0.0182438711499984,41.1745958358395,-74.6463842791893,41.1513165359967,-74.8056583385523,3.520868275978,3.502624404828,2001.16938363932,2001.18762751047,3010000
1528,1529,2.805018598,41.1745958358395,-74.6463842791893,39.9395087083656,-85.1477352545061,6.307643002828,3.502624404828,2001.16938363932,2003.97440223732,3010000
1529,723,4.626697762,39.9395087083656,-85.1477352545061,41.9003,-115.9568,10.934340764828,6.307643002828,2003.97440223732,2008.60109999932,3010000
1529,1530,2.968066498,39.9395087083656,-85.1477352545061,35.4797989529391,-96.4553525174285,9.275709500828,6.307643002828,2003.97440223732,2006.94246873532,3010000
1530,725,0.0575312644199997,35.4797989529391,-96.4553525174285,35.6929,-110.0667,9.333240765248,9.275709500828,2006.94246873532,2006.99999999974,3010000
1530,724,1.063031264,35.4797989529391,-96.4553525174285,44.2422,-117.5362,10.338740764828,9.275709500828,2006.94246873532,2008.00549999932,3010000
1531,728,4.543872489,41.1513165359967,-74.8056583385523,41.4371,-72.2519,8.064740764978,3.520868275978,2001.18762751047,2005.73149999947,3010000
1531,1532,3.88566803,41.1513165359967,-74.8056583385523,42.4173665729632,-84.1731228469785,7.406536305978,3.520868275978,2001.18762751047,2005.07329554047,3010000
1532,726,0.5349044595,42.4173665729632,-84.1731228469785,41.7559,-80.5864,7.941440765478,7.406536305978,2005.07329554047,2005.60819999997,3010000
1532,727,7.566004459,42.4173665729632,-84.1731228469785,31.0511,-100.2286,14.972540764978,7.406536305978,2005.07329554047,2012.63929999947,3010000
1533,1534,0.103708044199999,42.1269497291593,-75.8588360442313,42.159026051236,-75.6889132580018,3.511485585438,3.407777541238,2001.07453677573,2001.17824481993,3010000
1533,729,1.643263224,42.1269497291593,-75.8588360442313,41.8518,-75.3527,5.051040765238,3.407777541238,2001.07453677573,2002.71779999973,3010000
1534,731,2.82175518,42.159026051236,-75.6889132580018,40.7501,-91.0977,6.333240765438,3.511485585438,2001.17824481993,2003.99999999993,3010000
1534,730,1.44095518,42.159026051236,-75.6889132580018,43.5003,-74.9298,4.952440765438,3.511485585438,2001.17824481993,2002.61919999993,3010000
1535,1536,0.0881851070900002,43.8776879961477,-72.8392565081474,43.8734140655377,-72.8268958078768,3.45056111084,3.36237600375,2001.02913523824,2001.11732034533,3010000
1535,1537,0.1550062573,43.8776879961477,-72.8392565081474,44.0351592827564,-73.2394015700768,3.51738226105,3.36237600375,2001.02913523824,2001.18414149554,3010000
1536,732,1.882679654,43.8734140655377,-72.8268958078768,48.1713,-112.9509,5.33324076484,3.45056111084,2001.11732034533,2002.99999999933,3010000
1536,733,1.570379654,43.8734140655377,-72.8268958078768,44.0189,-72.9806,5.02094076484,3.45056111084,2001.11732034533,2002.68769999933,3010000
1537,734,2.555558504,44.0351592827564,-73.2394015700768,44.178,-74.1098,6.07294076505,3.51738226105,2001.18414149554,2003.73969999954,3010000
1537,735,2.435058504,44.0351592827564,-73.2394015700768,39.5385,-79.2939,5.95244076505,3.51738226105,2001.18414149554,2003.61919999954,3010000
1538,740,2.760289284,42.287244035257,-73.4988076627421,42.3547,-74.1471,5.96614076555,3.20585148155,2000.87261071604,2003.63290000004,3010000
1538,1539,0.2344752862,42.287244035257,-73.4988076627421,42.3757703538367,-73.7608143674305,3.44032676775,3.20585148155,2000.87261071604,2001.10708600224,3010000
1539,1540,0.0996341113999986,42.3757703538367,-73.7608143674305,42.2174973421732,-73.6772742381324,3.53996087915,3.44032676775,2001.10708600224,2001.20672011364,3010000
1539,739,1.550413998,42.3757703538367,-73.7608143674305,39.9078,-75.6241,4.99074076575,3.44032676775,2001.10708600224,2002.65750000024,3010000
1540,738,2.615179886,42.2174973421732,-73.6772742381324,42.7917,-73.6733,6.15514076515,3.53996087915,2001.20672011364,2003.82189999964,3010000
1540,1541,0.535479185200002,42.2174973421732,-73.6772742381324,42.5579708425261,-76.446835290507,4.07544006435,3.53996087915,2001.20672011364,2001.74219929884,3010000
1541,737,2.992800701,42.5579708425261,-76.446835290507,34.5214,-78.2917,7.06824076535,4.07544006435,2001.74219929884,2004.73499999984,3010000
1541,736,0.972900700899999,42.5579708425261,-76.446835290507,41.6499,-71.1455,5.04834076525,4.07544006435,2001.74219929884,2002.71509999974,3010000
1542,1543,0.00264783277399872,40.5409078553472,-75.473777480686,40.5490556408748,-75.466013600354,0.288434176174,0.285786343400002,1997.95254557789,1997.95519341066,3010000
1542,1583,0.0881393456299975,40.5409078553472,-75.473777480686,40.9682079085117,-75.7432037695807,0.373925689029999,0.285786343400002,1997.95254557789,1998.04068492352,3010000
1543,1578,0.0756176559699995,40.5490556408748,-75.466013600354,40.5486475295368,-75.9142583029812,0.364051832144,0.288434176174,1997.95519341066,1998.03081106663,3010000
1543,1544,0.0509398810300006,40.5490556408748,-75.466013600354,40.571233905664,-75.5636780352857,0.339374057204001,0.288434176174,1997.95519341066,1998.00613329169,3010000
1544,1545,0.00396777392399983,40.571233905664,-75.5636780352857,40.6105995370083,-75.4559037291621,0.343341831128001,0.339374057204001,1998.00613329169,1998.01010106562,3010000
1544,1574,1.154845381,40.571233905664,-75.5636780352857,40.6444301233884,-74.9107515792905,1.494219438204,0.339374057204001,1998.00613329169,1999.16097867269,3010000
1545,1546,0.1074366846,40.6105995370083,-75.4559037291621,40.7151815201976,-73.9857293952238,0.450778515728,0.343341831128001,1998.01010106562,1998.11753775022,3010000
1545,1568,0.00287086832500094,40.6105995370083,-75.4559037291621,40.5481581608154,-75.630944037229,0.346212699453002,0.343341831128001,1998.01010106562,1998.01297193394,3010000
1546,1547,0.670465280599998,40.7151815201976,-73.9857293952238,41.235640969353,-76.3908164494485,1.121243796328,0.450778515728,1998.11753775022,1998.78800303082,3010000
1546,742,4.48516225,40.7151815201976,-73.9857293952238,40.3931,-74.3595,4.935940765728,0.450778515728,1998.11753775022,2002.60270000022,3010000
1547,1548,1.048201734,41.235640969353,-76.3908164494485,41.5105882003055,-75.4964464978273,2.169445530328,1.121243796328,1998.78800303082,1999.83620476482,3010000
1547,743,1.211996969,41.235640969353,-76.3908164494485,41.1248,-74.0097,2.333240765328,1.121243796328,1998.78800303082,1999.99999999982,3010000
1548,1551,0.1243159104,41.5105882003055,-75.4964464978273,41.4466280198883,-75.5097212668093,2.293761440728,2.169445530328,1999.83620476482,1999.96052067522,3010000
1548,1549,0.322798686000002,41.5105882003055,-75.4964464978273,40.151588608845,-76.7966657633446,2.492244216328,2.169445530328,1999.83620476482,2000.15900345082,3010000
1549,746,1.591696549,40.151588608845,-76.7966657633446,41.6975,-77.2687,4.083940765328,2.492244216328,2000.15900345082,2001.75069999982,3010000
1549,1550,0.0202517459499987,40.151588608845,-76.7966657633446,40.222926235122,-77.4071729227012,2.512495962278,2.492244216328,2000.15900345082,2000.17925519677,3010000
1550,745,0.533844803400001,40.222926235122,-77.4071729227012,40.2179,-76.4609,3.046340765678,2.512495962278,2000.17925519677,2000.71310000017,3010000
1550,744,1.464544803,40.222926235122,-77.4071729227012,40.5215,-77.3894,3.977040765278,2.512495962278,2000.17925519677,2001.64379999977,3010000
1551,1552,0.189386082600002,41.4466280198883,-75.5097212668093,41.3315556255301,-76.1232688465935,2.483147523328,2.293761440728,1999.96052067522,2000.14990675782,3010000
1551,1558,0.724804173400003,41.4466280198883,-75.5097212668093,41.2224037783757,-74.6285467988281,3.018565614128,2.293761440728,1999.96052067522,2000.68532484862,3010000
1552,1553,0.9403622293,41.3315556255301,-76.1232688465935,42.0963747120388,-73.8789131802964,3.423509752628,2.483147523328,2000.14990675782,2001.09026898712,3010000
1552,753,1.680193242,41.3315556255301,-76.1232688465935,41.5148,-75.3791,4.163340765328,2.483147523328,2000.14990675782,2001.83009999982,3010000
1553,747,0.6193310131,42.0963747120388,-73.8789131802964,41.6451,-72.9897,4.042840765728,3.423509752628,2001.09026898712,2001.70960000022,3010000
1553,1554,0.0242106762799992,42.0963747120388,-73.8789131802964,42.0513514531322,-73.6316072143417,3.447720428908,3.423509752628,2001.09026898712,2001.1144796634,3010000
1554,748,0.603320336800001,42.0513514531322,-73.6316072143417,42.0344,-72.9695,4.051040765708,3.447720428908,2001.1144796634,2001.7178000002,3010000
1554,1555,0.0141631498100008,42.0513514531322,-73.6316072143417,42.103020198511,-73.6302289339255,3.461883578718,3.447720428908,2001.1144796634,2001.12864281321,3010000
1555,749,0.685057187,42.103020198511,-73.6302289339255,41.9706,-73.8313,4.146940765718,3.461883578718,2001.12864281321,2001.81370000021,3010000
1555,1556,0.244081052,42.103020198511,-73.6302289339255,42.232088191423,-73.6906812037347,3.705964630718,3.461883578718,2001.12864281321,2001.37272386521,3010000
1556,1557,0.584932578699998,42.232088191423,-73.6906812037347,42.1542191685538,-74.7903119865765,4.290897209418,3.705964630718,2001.37272386521,2001.95765644391,3010000
1556,750,0.265676135,42.232088191423,-73.6906812037347,42.1738,-74.4484,3.971640765718,3.705964630718,2001.37272386521,2001.63840000021,3010000
1557,752,0.587543556300002,42.1542191685538,-74.7903119865765,42.2933,-76.1853,4.878440765718,4.290897209418,2001.95765644391,2002.54520000021,3010000
1557,751,0.721843556300001,42.1542191685538,-74.7903119865765,42.0783,-74.7352,5.012740765718,4.290897209418,2001.95765644391,2002.67950000021,3010000
1558,1559,0.137464719199999,41.2224037783757,-74.6285467988281,41.3995664160641,-74.672538073322,3.156030333328,3.018565614128,2000.68532484862,2000.82278956782,3010000
1558,1567,2.046845974,41.2224037783757,-74.6285467988281,41.7086944326218,-74.7824958289236,5.065411588128,3.018565614128,2000.68532484862,2002.73217082262,3010000
1559,1562,0.0375871260900009,41.3995664160641,-74.672538073322,41.4252719610517,-74.7082346280756,3.193617459418,3.156030333328,2000.82278956782,2000.86037669391,3010000
1559,1560,0.346225947300001,41.3995664160641,-74.672538073322,42.1100134104373,-74.9856911369039,3.502256280628,3.156030333328,2000.82278956782,2001.16901551512,3010000
1560,754,1.578884485,42.1100134104373,-74.9856911369039,44.9859,-69.665,5.081140765628,3.502256280628,2001.16901551512,2002.74790000012,3010000
1560,1561,0.0260731943099994,42.1100134104373,-74.9856911369039,42.1080911950939,-74.9790544017995,3.528329474938,3.502256280628,2001.16901551512,2001.19508870943,3010000
1561,756,1.404911291,42.1080911950939,-74.9790544017995,42.0913,-74.8062,4.933240765938,3.528329474938,2001.19508870943,2002.60000000043,3010000
1561,755,0.424111290800001,42.1080911950939,-74.9790544017995,42.2701,-75.395,3.952440765738,3.528329474938,2001.19508870943,2001.61920000023,3010000
1562,1563,0.965779672899998,41.4252719610517,-74.7082346280756,41.8043387445911,-74.2915428775765,4.159397132318,3.193617459418,2000.86037669391,2001.82615636681,3010000
1562,1564,0.199722534899999,41.4252719610517,-74.7082346280756,42.157243020541,-74.1492237384874,3.393339994318,3.193617459418,2000.86037669391,2001.06009922881,3010000
1563,758,1.173843633,41.8043387445911,-74.2915428775765,41.8433,-74.1947,5.333240765318,4.159397132318,2001.82615636681,2002.99999999981,3010000
1563,757,0.894343633400002,41.8043387445911,-74.2915428775765,41.9034,-74.3143,5.053740765718,4.159397132318,2001.82615636681,2002.72050000021,3010000
1564,762,1.613900771,42.157243020541,-74.1492237384874,41.9819,-73.8843,5.007240765318,3.393339994318,2001.06009922881,2002.67399999981,3010000
1564,1565,0.115834953,42.157243020541,-74.1492237384874,42.1096621481248,-74.5633385648544,3.509174947318,3.393339994318,2001.06009922881,2001.17593418181,3010000
1565,1566,0.635341971999999,42.1096621481248,-74.5633385648544,41.9674671365295,-74.8767147833638,4.144516919318,3.509174947318,2001.17593418181,2001.81127615381,3010000
1565,759,0.6706658183,42.1096621481248,-74.5633385648544,42.2175,-75.0243,4.179840765618,3.509174947318,2001.17593418181,2001.84660000011,3010000
1566,761,0.8024238463,41.9674671365295,-74.8767147833638,42.0578,-74.782,4.946940765618,4.144516919318,2001.81127615381,2002.61370000011,3010000
1566,760,0.8846238463,41.9674671365295,-74.8767147833638,42.0234,-74.8077,5.029140765618,4.144516919318,2001.81127615381,2002.69590000011,3010000
1567,764,0.9171291774,41.7086944326218,-74.7824958289236,41.7014,-74.3731,5.982540765528,5.065411588128,2002.73217082262,2003.64930000002,3010000
1567,763,0.897929177399998,41.7086944326218,-74.7824958289236,41.4009,-74.6842,5.963340765528,5.065411588128,2002.73217082262,2003.63010000002,3010000
1568,1569,0.0900503330699998,40.5481581608154,-75.630944037229,40.5261924503051,-75.3686940209627,0.436263032523001,0.346212699453002,1998.01297193394,1998.10302226701,3010000
1568,771,1.724028066,40.5481581608154,-75.630944037229,41.1375,-74.545,2.070240765453,0.346212699453002,1998.01297193394,1999.73699999994,3010000
1569,1570,1.839079671,40.5261924503051,-75.3686940209627,40.6486838495575,-74.6156965492581,2.275342703523,0.436263032523001,1998.10302226701,1999.94210193801,3010000
1569,765,4.606577733,40.5261924503051,-75.3686940209627,40.6449,-74.906,5.042840765523,0.436263032523001,1998.10302226701,2002.70960000001,3010000
1570,1571,0.0640588686899974,40.6486838495575,-74.6156965492581,40.7171681785684,-74.7044738594466,2.339401572213,2.275342703523,1999.94210193801,2000.0061608067,3010000
1570,770,0.0578980621499987,40.6486838495575,-74.6156965492581,40.6552,-74.7997,2.333240765673,2.275342703523,1999.94210193801,2000.00000000016,3010000
1571,769,1.692439193,40.7171681785684,-74.7044738594466,40.7096,-74.6264,4.031840765213,2.339401572213,2000.0061608067,2001.6985999997,3010000
1571,1572,0.965456744100001,40.7171681785684,-74.7044738594466,40.6540870969152,-75.4072579115919,3.304858316313,2.339401572213,2000.0061608067,2000.9716175508,3010000
1572,768,2.779082449,40.6540870969152,-75.4072579115919,40.9579,-74.5179,6.083940765313,3.304858316313,2000.9716175508,2003.7506999998,3010000
1572,1573,0.262579815800001,40.6540870969152,-75.4072579115919,38.9336756320045,-73.6989065867581,3.567438132113,3.304858316313,2000.9716175508,2001.2341973666,3010000
1573,767,1.765802634,38.9336756320045,-73.6989065867581,40.9715,-82.6848,5.333240766113,3.567438132113,2001.2341973666,2003.0000000006,3010000
1573,766,0.7658026336,38.9336756320045,-73.6989065867581,39.5665,-75.0566,4.333240765713,3.567438132113,2001.2341973666,2002.0000000002,3010000
1574,772,3.433521327,40.6444301233884,-74.9107515792905,40.5446,-74.776,4.927740765204,1.494219438204,1999.16097867269,2002.59449999969,3010000
1574,1575,0.8271782349,40.6444301233884,-74.9107515792905,40.9491558309939,-74.8539370790796,2.321397673104,1.494219438204,1999.16097867269,1999.98815690759,3010000
1575,773,1.762543092,40.9491558309939,-74.8539370790796,42.3335,-73.7668,4.083940765104,2.321397673104,1999.98815690759,2001.75069999959,3010000
1575,1576,0.0136351423800001,40.9491558309939,-74.8539370790796,40.9407699183815,-75.0337498918828,2.335032815484,2.321397673104,1999.98815690759,2000.00179204997,3010000
1576,1577,0.112901540400003,40.9407699183815,-75.0337498918828,40.8516961976006,-75.4364456687937,2.447934355884,2.335032815484,2000.00179204997,2000.11469359037,3010000
1576,774,0.664907949600002,40.9407699183815,-75.0337498918828,41.0101,-74.676,2.999940765084,2.335032815484,2000.00179204997,2000.66669999957,3010000
1577,776,0.603906409199999,40.8516961976006,-75.4364456687937,40.9693,-74.4835,3.051840765084,2.447934355884,2000.11469359037,2000.71859999957,3010000
1577,775,1.597606409,40.8516961976006,-75.4364456687937,42.3608,-73.5159,4.045540764884,2.447934355884,2000.11469359037,2001.71229999937,3010000
1578,1579,2.145207438,40.5486475295368,-75.9142583029812,40.5394935118148,-75.4408876965359,2.509259270144,0.364051832144,1998.03081106663,2000.17601850463,3010000
1578,1581,0.00623260815699922,40.5486475295368,-75.9142583029812,40.68397368645,-75.4838608024432,0.370284440300999,0.364051832144,1998.03081106663,1998.03704367479,3010000
1579,1580,0.875345318600001,40.5394935118148,-75.4408876965359,40.3700401579245,-74.2209496485508,3.384604588744,2.509259270144,2000.17601850463,2001.05136382323,3010000
1579,777,1.448681496,40.5394935118148,-75.4408876965359,40.7591,-74.7179,3.957940766144,2.509259270144,2000.17601850463,2001.62470000063,3010000
1580,778,0.6281361771,40.3700401579245,-74.2209496485508,39.9574,-74.0755,4.012740765844,3.384604588744,2001.05136382323,2001.67950000033,3010000
1580,779,0.6527361771,40.3700401579245,-74.2209496485508,40.6102,-74.2269,4.037340765844,3.384604588744,2001.05136382323,2001.70410000033,3010000
1581,782,1.667056325,40.68397368645,-75.4838608024432,41.0265,-73.6083,2.037340765301,0.370284440300999,1998.03704367479,1999.70409999979,3010000
1581,1582,0.0585035548100024,40.68397368645,-75.4838608024432,40.488765140896,-75.1833063566472,0.428787995111001,0.370284440300999,1998.03704367479,1998.0955472296,3010000
1582,780,2.62575277,40.488765140896,-75.1833063566472,40.2935,-74.6786,3.054540765111,0.428787995111001,1998.0955472296,2000.7212999996,3010000
1582,781,2.42905277,40.488765140896,-75.1833063566472,40.2426,-75.758,2.857840765111,0.428787995111001,1998.0955472296,2000.5245999996,3010000
1583,1589,0.00077558030610092,40.9682079085117,-75.7432037695807,40.9884479225498,-75.8789459309514,0.3747012693361,0.373925689029999,1998.04068492352,1998.04146050382,3010000
1583,1584,1.251365268,40.9682079085117,-75.7432037695807,40.9394054300168,-74.2205293783434,1.62529095703,0.373925689029999,1998.04068492352,1999.29205019152,3010000
1584,783,0.4093498087,40.9394054300168,-74.2205293783434,41.2371,-73.5511,2.03464076573,1.62529095703,1999.29205019152,1999.70140000022,3010000
1584,1585,0.0374669792499986,40.9394054300168,-74.2205293783434,40.9057120760266,-74.2679200660451,1.66275793628,1.62529095703,1999.29205019152,1999.32951717077,3010000
1585,1586,0.0950444790100029,40.9057120760266,-74.2679200660451,40.9216199520288,-74.2374700140266,1.75780241529,1.66275793628,1999.32951717077,1999.42456164978,3010000
1585,784,3.289682829,40.9057120760266,-74.2679200660451,41.2779,-79.1936,4.95244076528,1.66275793628,1999.32951717077,2002.61919999977,3010000
1586,785,0.317938350399999,40.9216199520288,-74.2374700140266,40.8833,-74.8191,2.07574076569,1.75780241529,1999.42456164978,1999.74250000018,3010000
1586,1587,1.562038438,40.9216199520288,-74.2374700140266,41.1184521624833,-73.956848597084,3.31984085329,1.75780241529,1999.42456164978,2000.98660008778,3010000
1587,786,0.6955999125,41.1184521624833,-73.956848597084,41.2583,-73.9068,4.01544076579,3.31984085329,2000.98660008778,2001.68220000028,3010000
1587,1588,0.0582426811700003,41.1184521624833,-73.956848597084,41.1480281894335,-73.8173791479257,3.37808353446,3.31984085329,2000.98660008778,2001.04484276895,3010000
1588,787,0.711357231400001,41.1480281894335,-73.8173791479257,43.0647,-73.3705,4.08944076586,3.37808353446,2001.04484276895,2001.75620000035,3010000
1588,788,0.5524572314,41.1480281894335,-73.8173791479257,41.2404,-73.7553,3.93054076586,3.37808353446,2001.04484276895,2001.59730000035,3010000
1589,1590,0.0668632026599987,40.9884479225498,-75.8789459309514,41.0522010879805,-75.9687681335416,0.441564471996099,0.3747012693361,1998.04146050382,1998.10832370648,3010000
1589,800,0.958539496099998,40.9884479225498,-75.8789459309514,40.9996,-74.4407,1.3332407654361,0.3747012693361,1998.04146050382,1998.99999999992,3010000
1590,1592,0.00493325552900004,41.0522010879805,-75.9687681335416,41.0322403438095,-76.1541854535458,0.446497727525099,0.441564471996099,1998.10832370648,1998.11325696201,3010000
1590,1591,1.131818333,41.0522010879805,-75.9687681335416,40.836711236073,-73.5984844085512,1.5733828049961,0.441564471996099,1998.10832370648,1999.24014203948,3010000
1591,790,0.759857960600002,40.836711236073,-73.5984844085512,40.9055,-74.0174,2.3332407655961,1.5733828049961,1999.24014203948,2000.00000000008,3010000
1591,789,1.481157961,40.836711236073,-73.5984844085512,41.4254,-73.8722,3.0545407659961,1.5733828049961,1999.24014203948,2000.72130000048,3010000
1592,791,1.541543038,41.0322403438095,-76.1541854535458,42.4912,-77.317,1.9880407655251,0.446497727525099,1998.11325696201,1999.65480000001,3010000
1592,1593,0.00589180184899973,41.0322403438095,-76.1541854535458,40.9701523874276,-76.2066936145555,0.452389529374098,0.446497727525099,1998.11325696201,1998.11914876386,3010000
1593,799,0.880851236000002,40.9701523874276,-76.2066936145555,41.2426,-75.3746,1.3332407653741,0.452389529374098,1998.11914876386,1998.99999999986,3010000
1593,1594,1.907349451,40.9701523874276,-76.2066936145555,40.3630284538565,-74.1647532835917,2.3597389803741,0.452389529374098,1998.11914876386,2000.02649821486,3010000
1594,798,2.653001785,40.3630284538565,-74.1647532835917,33.9765,-78.3954,5.0127407653741,2.3597389803741,2000.02649821486,2002.67949999986,3010000
1594,1595,0.0953187517399989,40.3630284538565,-74.1647532835917,40.0440921169438,-73.4700527275165,2.4550577321141,2.3597389803741,2000.02649821486,2000.1218169666,3010000
1595,1596,0.499807912600002,40.0440921169438,-73.4700527275165,40.0994998178063,-73.7150730209757,2.9548656447141,2.4550577321141,2000.1218169666,2000.6216248792,3010000
1595,1599,0.865221158600001,40.0440921169438,-73.4700527275165,40.5275021556433,-74.5118941595121,3.3202788907141,2.4550577321141,2000.1218169666,2000.9870381252,3010000
1596,1597,0.452599122799999,40.0994998178063,-73.7150730209757,40.0826120397658,-75.1572339231676,3.4074647675141,2.9548656447141,2000.6216248792,2001.074224002,3010000
1596,795,0.0450751208699991,40.0994998178063,-73.7150730209757,40.1337,-74.2909,2.9999407655841,2.9548656447141,2000.6216248792,2000.66670000007,3010000
1597,794,2.555875998,40.0826120397658,-75.1572339231676,40.602,-77.3061,5.9633407655141,3.4074647675141,2001.074224002,2003.6301,3010000
1597,1598,0.0320722996700002,40.0826120397658,-75.1572339231676,40.2139354205098,-74.1755126448259,3.4395370671841,3.4074647675141,2001.074224002,2001.10629630167,3010000
1598,793,0.5786036984,40.2139354205098,-74.1755126448259,40.2008,-74.0821,4.0181407655841,3.4395370671841,2001.10629630167,2001.68490000007,3010000
1598,792,0.5923036984,40.2139354205098,-74.1755126448259,40.2362,-74.6894,4.0318407655841,3.4395370671841,2001.10629630167,2001.69860000007,3010000
1599,796,1.747161875,40.5275021556433,-74.5118941595121,40.789,-74.7232,5.0674407657141,3.3202788907141,2000.9870381252,2002.7342000002,3010000
1599,797,1.703361875,40.5275021556433,-74.5118941595121,40.5893,-74.4871,5.0236407657141,3.3202788907141,2000.9870381252,2002.6904000002,3010000
