node1,node2,length,startLat,startLon,endLat,endLon,endNodeL,startNodeL,startYear,endYear,treeID
100,101,1.83042194566124,25.6122909610697,102.193268293369,25.6203452869318,102.197130921921,1.83042194566124,0,1991.48707619758,1993.31749814324,1029000000
100,182,1.87791449345504,25.6122909610697,102.193268293369,25.7500849285277,101.361831312385,1.87791449345504,0,1991.48707619758,1993.36499069104,1029000000
101,102,0.0090435613743054,25.6203452869318,102.197130921921,25.6212172735613,102.198844900838,1.83946550703555,1.83042194566124,1993.31749814324,1993.32654170462,1029000000
101,151,13.7616369270935,25.6203452869318,102.197130921921,25.7440472292844,102.045740009912,15.5920588727547,1.83042194566124,1993.31749814324,2007.07913507034,1029000000
102,50,14.2534582953824,25.6212172735613,102.198844900838,27.428635,103.60532,16.092923802418,1.83946550703555,1993.32654170462,2007.58,1029000000
102,103,13.888650052756,25.6212172735613,102.198844900838,25.7401231427464,102.539225919499,15.7281155597916,1.83946550703555,1993.32654170462,2007.21519175737,1029000000
103,104,0.358617490239554,25.7401231427464,102.539225919499,22.7821637141624,100.866111457582,16.0867330500311,15.7281155597916,2007.21519175737,2007.57380924761,1029000000
103,122,0.023740495771877,25.7401231427464,102.539225919499,25.7376227090807,102.541630197388,15.7518560555634,15.7281155597916,2007.21519175737,2007.23893225315,1029000000
104,105,4.17624064804272,22.7821637141624,100.866111457582,22.6166270565912,99.9368847724525,20.2629736980738,16.0867330500311,2007.57380924761,2011.75004989566,1029000000
104,106,0.825322754833768,22.7821637141624,100.866111457582,22.704051772199,100.864413246145,16.9120558048649,16.0867330500311,2007.57380924761,2008.39913200245,1029000000
105,1,0.24995010434423,22.6166270565912,99.9368847724525,22.618689670461,99.9371137621941,20.5129238024181,20.2629736980738,2011.75004989566,2012,1029000000
105,2,0.329950104344158,22.6166270565912,99.9368847724525,22.6436650967707,100.011904564739,20.592923802418,20.2629736980738,2011.75004989566,2012.08,1029000000
106,107,0.0865001015361351,22.704051772199,100.864413246145,22.7074860936708,100.859585815797,16.998555906401,16.9120558048649,2008.39913200245,2008.48563210398,1029000000
106,108,0.379454267960246,22.704051772199,100.864413246145,22.7047431352642,100.85031640576,17.2915100728251,16.9120558048649,2008.39913200245,2008.77858627041,1029000000
107,3,1.93436789601712,22.7074860936708,100.859585815797,22.7351433301888,100.852455745924,18.9329238024181,16.998555906401,2008.48563210398,2010.42,1029000000
107,4,2.09436789601697,22.7074860936708,100.859585815797,22.7296176748193,100.84402942124,19.092923802418,16.998555906401,2008.48563210398,2010.58,1029000000
108,109,0.512322566325675,22.7047431352642,100.85031640576,22.705366263842,100.850726359721,17.8038326391508,17.2915100728251,2008.77858627041,2009.29090883673,1029000000
108,115,0.0602742741712845,22.7047431352642,100.85031640576,22.6666111357346,100.847395736987,17.3517843469964,17.2915100728251,2008.77858627041,2008.83886054458,1029000000
109,110,0.15613249685943,22.705366263842,100.850726359721,22.7044347476152,100.854473592404,17.9599651360102,17.8038326391508,2009.29090883673,2009.44704133359,1029000000
109,11,1.87909116326733,22.705366263842,100.850726359721,21.964766,100.32704,19.6829238024181,17.8038326391508,2009.29090883673,2011.17,1029000000
110,114,0.251963578141503,22.7044347476152,100.854473592404,22.7601195278909,100.86366047908,18.2119287141517,17.9599651360102,2009.44704133359,2009.69900491173,1029000000
110,111,0.0910285950401306,22.7044347476152,100.854473592404,22.7085845730692,100.872919222016,18.0509937310504,17.9599651360102,2009.44704133359,2009.53806992863,1029000000
111,5,0.961930071367699,22.7085845730692,100.872919222016,22.7011537773453,100.870735988231,19.0129238024181,18.0509937310504,2009.53806992863,2010.5,1029000000
111,112,1.12540705538843,22.7085845730692,100.872919222016,22.6893708760322,100.859582026555,19.1764007864388,18.0509937310504,2009.53806992863,2010.66347698402,1029000000
112,113,2.62444434451656,22.6893708760322,100.859582026555,22.1886916015707,100.888174466663,21.8008451309553,19.1764007864388,2010.66347698402,2013.28792132854,1029000000
112,6,0.0865230159792683,22.6893708760322,100.859582026555,22.7004340823945,100.868541256156,19.2629238024181,19.1764007864388,2010.66347698402,2010.75,1029000000
113,8,0.382078671462782,22.1886916015707,100.888174466663,22.0787328195166,100.913205297227,22.1829238024181,21.8008451309553,2013.28792132854,2013.67,1029000000
113,7,0.382078671462782,22.1886916015707,100.888174466663,22.1257125065983,100.876184004947,22.1829238024181,21.8008451309553,2013.28792132854,2013.67,1029000000
114,9,1.05099508826633,22.7601195278909,100.86366047908,22.7594887958914,100.873803892728,19.2629238024181,18.2119287141517,2009.69900491173,2010.75,1029000000
114,10,1.55099508826633,22.7601195278909,100.86366047908,22.7342837513168,100.884260116112,19.7629238024181,18.2119287141517,2009.69900491173,2011.25,1029000000
115,12,0.661139455421649,22.6666111357346,100.847395736987,22.1158812495718,100.880646019906,18.0129238024181,17.3517843469964,2008.83886054458,2009.5,1029000000
115,116,0.501737794606317,22.6666111357346,100.847395736987,23.3435355172682,100.615737049742,17.8535221416027,17.3517843469964,2008.83886054458,2009.34059833918,1029000000
116,19,2.65940166081533,23.3435355172682,100.615737049742,23.363060851206,100.59862030348,20.5129238024181,17.8535221416027,2009.34059833918,2012,1029000000
116,117,0.826016969238251,23.3435355172682,100.615737049742,23.2892025447575,100.55748754538,18.679539110841,17.8535221416027,2009.34059833918,2010.16661530842,1029000000
117,13,1.91338469157701,23.2892025447575,100.55748754538,23.3334131206424,100.511605245672,20.592923802418,18.679539110841,2010.16661530842,2012.08,1029000000
117,118,0.644024837708144,23.2892025447575,100.55748754538,23.9534861825834,100.976700769982,19.3235639485491,18.679539110841,2010.16661530842,2010.81064014613,1029000000
118,119,0.27236477270902,23.9534861825834,100.976700769982,23.9543892937907,100.980100947069,19.5959287212581,19.3235639485491,2010.81064014613,2011.08300491884,1029000000
118,18,0.189359853868938,23.9534861825834,100.976700769982,23.9612957660526,100.965842994677,19.5129238024181,19.3235639485491,2010.81064014613,2011,1029000000
119,17,0.746995081159845,23.9543892937907,100.980100947069,23.9859141963892,100.934131981078,20.342923802418,19.5959287212581,2011.08300491884,2011.83,1029000000
119,120,1.05595978296629,23.9543892937907,100.980100947069,24.3856515364472,100.817279557241,20.6518885042244,19.5959287212581,2011.08300491884,2012.13896470181,1029000000
120,121,1.8999959783796,24.3856515364472,100.817279557241,24.3654646484719,100.817165493309,22.551884482604,20.6518885042244,2012.13896470181,2014.03896068019,1029000000
120,14,0.281035298193705,24.3856515364472,100.817279557241,25.2161082581777,102.057623855798,20.9329238024181,20.6518885042244,2012.13896470181,2012.42,1029000000
121,16,0.291039319813958,24.3654646484719,100.817165493309,24.3690193270524,100.814632301443,22.842923802418,22.551884482604,2014.03896068019,2014.33,1029000000
121,15,0.291039319813958,24.3654646484719,100.817165493309,24.3615107724489,100.804646568898,22.842923802418,22.551884482604,2014.03896068019,2014.33,1029000000
122,20,5.76106774685462,25.7376227090807,102.541630197388,25.639311,103.86436,21.5129238024181,15.7518560555634,2007.23893225315,2013,1029000000
122,123,2.19374907473486,25.7376227090807,102.541630197388,25.9543790577796,102.573477224385,17.9456051302983,15.7518560555634,2007.23893225315,2009.43268132788,1029000000
123,21,3.06731867211976,25.9543790577796,102.573477224385,25.941017,102.58662,21.0129238024181,17.9456051302983,2009.43268132788,2012.5,1029000000
123,124,0.108612563409573,25.9543790577796,102.573477224385,25.8917274872114,102.53959768238,18.0542176937079,17.9456051302983,2009.43268132788,2009.54129389129,1029000000
124,125,1.97916952811001,25.8917274872114,102.53959768238,24.5523748022038,101.823553294475,20.0333872218179,18.0542176937079,2009.54129389129,2011.5204634194,1029000000
124,49,2.03870610871012,25.8917274872114,102.53959768238,26.6497462681741,99.2901547559734,20.092923802418,18.0542176937079,2009.54129389129,2011.58,1029000000
125,126,0.55103081482256,24.5523748022038,101.823553294475,24.4801619566488,101.626098339228,20.5844180366404,20.0333872218179,2011.5204634194,2012.07149423422,1029000000
125,22,1.14953658060026,24.5523748022038,101.823553294475,21.7335,101.45409,21.1829238024181,20.0333872218179,2011.5204634194,2012.67,1029000000
126,48,0.848505765777697,24.4801619566488,101.626098339228,24.5139280977902,101.625932396038,21.4329238024181,20.5844180366404,2012.07149423422,2012.92,1029000000
126,127,0.415559274751483,24.4801619566488,101.626098339228,24.4907653320969,101.660887422982,20.9999773113919,20.5844180366404,2012.07149423422,2012.48705350897,1029000000
127,128,0.586918253323157,24.4907653320969,101.660887422982,25.1486867020259,102.10106835838,21.5868955647151,20.9999773113919,2012.48705350897,2013.0739717623,1029000000
127,142,0.432323735205593,24.4907653320969,101.660887422982,24.3563309321488,100.744821100244,21.4323010465975,20.9999773113919,2012.48705350897,2012.91937724418,1029000000
128,23,0.846028237703057,25.1486867020259,102.10106835838,25.1742487412218,102.037338704199,22.4329238024181,21.5868955647151,2013.0739717623,2013.92,1029000000
128,129,0.162358058464736,25.1486867020259,102.10106835838,25.2021702550387,102.081566228381,21.7492536231798,21.5868955647151,2013.0739717623,2013.23632982076,1029000000
129,140,0.284859289472503,25.2021702550387,102.081566228381,25.1895007211551,102.042851688997,22.0341129126523,21.7492536231798,2013.23632982076,2013.52118911023,1029000000
129,130,0.220530255017375,25.2021702550387,102.081566228381,25.1982617378312,102.070186507813,21.9697838781972,21.7492536231798,2013.23632982076,2013.45686007578,1029000000
130,131,0.411546546728761,25.1982617378312,102.070186507813,25.216412399593,101.971395272062,22.3813304249259,21.9697838781972,2013.45686007578,2013.86840662251,1029000000
130,134,0.404879862766749,25.1982617378312,102.070186507813,25.1780401712897,102.076536205368,22.3746637409639,21.9697838781972,2013.45686007578,2013.86173993855,1029000000
131,133,0.234790017782982,25.216412399593,101.971395272062,25.2185821033727,101.961417576595,22.6161204427089,22.3813304249259,2013.86840662251,2014.10319664029,1029000000
131,132,0.170925487496957,25.216412399593,101.971395272062,25.1668715786533,101.981822966719,22.5522559124229,22.3813304249259,2013.86840662251,2014.03933211,1029000000
132,24,0.0406678899950832,25.1668715786533,101.981822966719,25.2033261000039,101.999217685947,22.592923802418,22.5522559124229,2014.03933211,2014.08,1029000000
132,25,0.0406678899950832,25.1668715786533,101.981822966719,25.1684520811611,101.985234404117,22.592923802418,22.5522559124229,2014.03933211,2014.08,1029000000
133,26,1.3168033597092,25.2185821033727,101.961417576595,25.2249366438294,101.971427110345,23.9329238024181,22.6161204427089,2014.10319664029,2015.42,1029000000
133,27,1.39680335970913,25.2185821033727,101.961417576595,25.392815,101.58666,24.0129238024181,22.6161204427089,2014.10319664029,2015.5,1029000000
134,135,0.0128346735622415,25.1780401712897,102.076536205368,25.1644669587417,102.065190604888,22.3874984145262,22.3746637409639,2013.86173993855,2013.87457461211,1029000000
134,34,0.558260061454197,25.1780401712897,102.076536205368,25.1834927777189,102.068638972728,22.9329238024181,22.3746637409639,2013.86173993855,2014.42,1029000000
135,136,0.23508229565186,25.1644669587417,102.065190604888,25.1967503676466,102.036621696498,22.622580710178,22.3874984145262,2013.87457461211,2014.10965690776,1029000000
135,138,0.145602290719657,25.1644669587417,102.065190604888,25.1963909754329,102.05031449299,22.5331007052458,22.3874984145262,2013.87457461211,2014.02017690283,1029000000
136,137,0.293053264200022,25.1967503676466,102.036621696498,25.1908175850485,102.033061628829,22.9156339743781,22.622580710178,2014.10965690776,2014.40271017196,1029000000
136,30,0.310343092240096,25.1967503676466,102.036621696498,25.2211953102295,102.030549706571,22.9329238024181,22.622580710178,2014.10965690776,2014.42,1029000000
137,29,0.017289828040074,25.1908175850485,102.033061628829,25.1992308404884,102.035128111524,22.9329238024181,22.9156339743781,2014.40271017196,2014.42,1029000000
137,28,0.597289828040001,25.1908175850485,102.033061628829,25.1865184119527,102.03986537657,23.5129238024181,22.9156339743781,2014.40271017196,2015,1029000000
138,139,0.578747862232478,25.1963909754329,102.05031449299,25.2057115411925,102.062203487385,23.1118485674783,22.5331007052458,2014.02017690283,2014.59892476506,1029000000
138,31,0.0598230971721534,25.1963909754329,102.05031449299,25.1482273431445,102.026962296723,22.592923802418,22.5331007052458,2014.02017690283,2014.08,1029000000
139,33,1.23107523493968,25.2057115411925,102.062203487385,25.2020371407467,102.058095366471,24.342923802418,23.1118485674783,2014.59892476506,2015.83,1029000000
139,32,0.981075234939675,25.2057115411925,102.062203487385,25.2165973298091,102.007979697269,24.092923802418,23.1118485674783,2014.59892476506,2015.58,1029000000
140,141,1.29817325144654,25.1895007211551,102.042851688997,25.1873209768543,102.045600643365,23.3322861640989,22.0341129126523,2013.52118911023,2014.81936236168,1029000000
140,37,0.898810889765818,25.1895007211551,102.042851688997,25.153576289423,102.012829786051,22.9329238024181,22.0341129126523,2013.52118911023,2014.42,1029000000
141,35,0.600637638319276,25.1873209768543,102.045600643365,25.1903896338417,102.04665652656,23.9329238024181,23.3322861640989,2014.81936236168,2015.42,1029000000
141,36,0.26063763831913,25.1873209768543,102.045600643365,25.1819117809829,102.017776866562,23.592923802418,23.3322861640989,2014.81936236168,2015.08,1029000000
142,148,0.0579433825989177,24.3563309321488,100.744821100244,24.3782666669126,100.768816194724,21.4902444291964,21.4323010465975,2012.91937724418,2012.97732062678,1029000000
142,143,0.0994753478712207,24.3563309321488,100.744821100244,24.4097040815844,100.661575095417,21.5317763944687,21.4323010465975,2012.91937724418,2013.01885259205,1029000000
143,43,1.23114740794933,24.4097040815844,100.661575095417,23.846087,100.13168,22.7629238024181,21.5317763944687,2013.01885259205,2014.25,1029000000
143,144,0.401895917875139,24.4097040815844,100.661575095417,25.0850053482715,99.0470177176742,21.9336723123439,21.5317763944687,2013.01885259205,2013.42074850993,1029000000
144,145,0.616876030318085,25.0850053482715,99.0470177176742,25.1473272351963,99.0469462787008,22.550548342662,21.9336723123439,2013.42074850993,2014.03762454024,1029000000
144,147,0.420416995093243,25.0850053482715,99.0470177176742,24.4693092099264,98.8255105438377,22.3540893074371,21.9336723123439,2013.42074850993,2013.84116550502,1029000000
145,40,0.0423754597560313,25.1473272351963,99.0469462787008,25.1764674719505,99.0412839640181,22.592923802418,22.550548342662,2014.03762454024,2014.08,1029000000
145,146,0.592665194326589,25.1473272351963,99.0469462787008,25.1801991059551,99.0623170160633,23.1432135369885,22.550548342662,2014.03762454024,2014.63028973457,1029000000
146,38,1.03971026542959,25.1801991059551,99.0623170160633,25.2085731667537,99.0958859331714,24.1829238024181,23.1432135369885,2014.63028973457,2015.67,1029000000
146,39,0.119710265429515,25.1801991059551,99.0623170160633,25.1819917274846,99.05321222442,23.2629238024181,23.1432135369885,2014.63028973457,2014.75,1029000000
147,41,0.908834494980946,24.4693092099264,98.8255105438377,24.4894448274992,98.8474607225628,23.2629238024181,22.3540893074371,2013.84116550502,2014.75,1029000000
147,42,0.828834494981019,24.4693092099264,98.8255105438377,24.4726499804953,98.8270172385845,23.1829238024181,22.3540893074371,2013.84116550502,2014.67,1029000000
148,150,0.374364123501232,24.3782666669126,100.768816194724,24.3928647243797,100.780092127212,21.8646085526977,21.4902444291964,2012.97732062678,2013.35168475028,1029000000
148,149,0.212823285361724,24.3782666669126,100.768816194724,24.3356261700466,100.815942061282,21.7030677145581,21.4902444291964,2012.97732062678,2013.19014391214,1029000000
149,44,2.05985608785991,24.3356261700466,100.815942061282,24.4059435290062,100.836249911346,23.7629238024181,21.7030677145581,2013.19014391214,2015.25,1029000000
149,45,0.889856087859834,24.3356261700466,100.815942061282,24.3413375537212,100.823038913019,22.592923802418,21.7030677145581,2013.19014391214,2014.08,1029000000
150,47,0.648315249720399,24.3928647243797,100.780092127212,24.3955753922411,100.778585361311,22.5129238024181,21.8646085526977,2013.35168475028,2014,1029000000
150,46,0.148315249720399,24.3928647243797,100.780092127212,24.3697872887738,100.808468752841,22.0129238024181,21.8646085526977,2013.35168475028,2013.5,1029000000
151,156,1.38481053289177,25.7440472292844,102.045740009912,25.7556995039387,102.184419173973,16.9768694056465,15.5920588727547,2007.07913507034,2008.46394560323,1029000000
151,152,0.36154478607253,25.7440472292844,102.045740009912,26.2714766194742,104.129390713811,15.9536036588273,15.5920588727547,2007.07913507034,2007.44067985641,1029000000
152,154,0.0689324615159279,26.2714766194742,104.129390713811,26.2910678230453,104.150875896431,16.0225361203432,15.9536036588273,2007.44067985641,2007.50961231793,1029000000
152,153,0.722609999150957,26.2714766194742,104.129390713811,26.2652324486668,104.12365279286,16.6762136579782,15.9536036588273,2007.44067985641,2008.16328985556,1029000000
153,52,2.50671014443992,26.2652324486668,104.12365279286,26.3168191039657,104.097721222751,19.1829238024181,16.6762136579782,2008.16328985556,2010.67,1029000000
153,51,2.41671014443977,26.2652324486668,104.12365279286,23.361286,101.54594,19.092923802418,16.6762136579782,2008.16328985556,2010.58,1029000000
154,155,1.8584521659721,26.2910678230453,104.150875896431,26.2963299529896,104.144126811727,17.8809882863153,16.0225361203432,2007.50961231793,2009.3680644839,1029000000
154,55,7.74038768207487,26.2910678230453,104.150875896431,26.2756423917122,104.154631123459,23.7629238024181,16.0225361203432,2007.50961231793,2015.25,1029000000
155,53,1.38193551610278,26.2963299529896,104.144126811727,26.3146474318727,104.137547961783,19.2629238024181,17.8809882863153,2009.3680644839,2010.75,1029000000
155,54,1.55193551610285,26.2963299529896,104.144126811727,25.465799,104.3569,19.4329238024181,17.8809882863153,2009.3680644839,2010.92,1029000000
156,178,0.517698256521627,25.7556995039387,102.184419173973,25.7688179724389,102.186032710414,17.4945676621681,16.9768694056465,2008.46394560323,2008.98164385975,1029000000
156,157,0.525983638458657,25.7556995039387,102.184419173973,25.7136732043642,102.16313515678,17.5028530441052,16.9768694056465,2008.46394560323,2008.98992924169,1029000000
157,56,3.34007075831283,25.7136732043642,102.16313515678,25.02886,102.57242,20.842923802418,17.5028530441052,2008.98992924169,2012.33,1029000000
157,158,0.0163531549094866,25.7136732043642,102.16313515678,25.7799071765892,102.185671789942,17.5192061990146,17.5028530441052,2008.98992924169,2009.0062823966,1029000000
158,168,0.278878638121494,25.7799071765892,102.185671789942,25.7938033067272,102.211449565416,17.7980848371361,17.5192061990146,2009.0062823966,2009.28516103472,1029000000
158,159,1.2364535735741,25.7799071765892,102.185671789942,25.771801606695,102.189657914666,18.7556597725887,17.5192061990146,2009.0062823966,2010.24273597017,1029000000
159,57,2.17726402982939,25.771801606695,102.189657914666,25.7475862695173,102.15704675695,20.9329238024181,18.7556597725887,2010.24273597017,2012.42,1029000000
159,160,1.2842036874346,25.771801606695,102.189657914666,25.2023697131704,102.001641674154,20.0398634600233,18.7556597725887,2010.24273597017,2011.52693965761,1029000000
160,167,1.28397870104989,25.2023697131704,102.001641674154,25.146280087265,101.996329960216,21.3238421610732,20.0398634600233,2011.52693965761,2012.81091835866,1029000000
160,161,0.735273822942572,25.2023697131704,102.001641674154,25.2070967821476,102.001095341749,20.7751372829659,20.0398634600233,2011.52693965761,2012.26221348055,1029000000
161,163,0.331087772473265,25.2070967821476,102.001095341749,25.2173130333452,102.003197463768,21.1062250554392,20.7751372829659,2012.26221348055,2012.59330125302,1029000000
161,162,0.0399454428078543,25.2070967821476,102.001095341749,25.1597859419332,101.997866275365,20.8150827257738,20.7751372829659,2012.26221348055,2012.30215892336,1029000000
162,59,1.69784107664429,25.1597859419332,101.997866275365,25.510801,100.77525,22.5129238024181,20.8150827257738,2012.30215892336,2014,1029000000
162,58,0.117841076644366,25.1597859419332,101.997866275365,25.1748971042848,101.993583978601,20.9329238024181,20.8150827257738,2012.30215892336,2012.42,1029000000
163,164,0.0444682476348421,25.2173130333452,102.003197463768,25.1793824889181,101.979730285204,21.150693303074,21.1062250554392,2012.59330125302,2012.63776950066,1029000000
163,60,0.0766987469789551,25.2173130333452,102.003197463768,25.198650519798,102.04883425367,21.1829238024181,21.1062250554392,2012.59330125302,2012.67,1029000000
164,165,0.17037120202601,25.1793824889181,101.979730285204,25.206168625662,102.03120523843,21.3210645051,21.150693303074,2012.63776950066,2012.80814070268,1029000000
164,64,0.192230499343967,25.1793824889181,101.979730285204,25.1366215130825,102.055461318423,21.342923802418,21.150693303074,2012.63776950066,2012.83,1029000000
165,63,1.6118592973181,25.206168625662,102.03120523843,25.2151682980032,102.013671846579,22.9329238024181,21.3210645051,2012.80814070268,2014.42,1029000000
165,166,1.16116670195679,25.206168625662,102.03120523843,24.5213280029166,101.67170001901,22.4822312070568,21.3210645051,2012.80814070268,2013.96930740464,1029000000
166,62,0.530692595361236,24.5213280029166,101.67170001901,24.5191600683305,101.662273376975,23.0129238024181,22.4822312070568,2013.96930740464,2014.5,1029000000
166,61,0.450692595361308,24.5213280029166,101.67170001901,24.4941457019364,101.648964216756,22.9329238024181,22.4822312070568,2013.96930740464,2014.42,1029000000
167,65,0.0190816413447608,25.146280087265,101.996329960216,25.1445824450485,102.001169305303,21.342923802418,21.3238421610732,2012.81091835866,2012.83,1029000000
167,66,0.269081641344761,25.146280087265,101.996329960216,24.3455269366033,100.785994432903,21.592923802418,21.3238421610732,2012.81091835866,2013.08,1029000000
168,174,0.832792172048971,25.7938033067272,102.211449565416,25.8149818953381,102.208136012327,18.6308770091851,17.7980848371361,2009.28516103472,2010.11795320677,1029000000
168,169,2.42085381308393,25.7938033067272,102.211449565416,25.7591558439317,102.220024843233,20.2189386502201,17.7980848371361,2009.28516103472,2011.7060148478,1029000000
169,67,0.713985152198066,25.7591558439317,102.220024843233,25.7219112851378,102.231748907541,20.9329238024181,20.2189386502201,2011.7060148478,2012.42,1029000000
169,170,0.287767097486513,25.7591558439317,102.220024843233,25.7778827286214,102.212741964968,20.5067057477066,20.2189386502201,2011.7060148478,2011.99378194529,1029000000
170,72,0.426218054711553,25.7778827286214,102.212741964968,25.771890437996,102.209337895779,20.9329238024181,20.5067057477066,2011.99378194529,2012.42,1029000000
170,171,0.652097071000985,25.7778827286214,102.212741964968,25.7676799387932,102.229034059505,21.1588028187076,20.5067057477066,2011.99378194529,2012.64587901629,1029000000
171,172,0.450841224507672,25.7676799387932,102.229034059505,25.759631815231,102.19056393442,21.6096440432152,21.1588028187076,2012.64587901629,2013.0967202408,1029000000
171,173,0.402903054354811,25.7676799387932,102.229034059505,25.7252467724018,101.899197671323,21.5617058730624,21.1588028187076,2012.64587901629,2013.04878207064,1029000000
172,69,1.40327975920282,25.759631815231,102.19056393442,25.7206630620888,102.22539911612,23.0129238024181,21.6096440432152,2013.0967202408,2014.5,1029000000
172,68,1.15327975920282,25.759631815231,102.19056393442,25.7704491920337,102.205395843238,22.7629238024181,21.6096440432152,2013.0967202408,2014.25,1029000000
173,71,1.28121792935561,25.7252467724018,101.899197671323,25.7378894493439,101.904125057745,22.842923802418,21.5617058730624,2013.04878207064,2014.33,1029000000
173,70,0.121217929355756,25.7252467724018,101.899197671323,25.8179920918662,101.849119367023,21.6829238024181,21.5617058730624,2013.04878207064,2013.17,1029000000
174,77,2.21204679323288,25.8149818953381,102.208136012327,25.7477504165696,102.157941289588,20.842923802418,18.6308770091851,2010.11795320677,2012.33,1029000000
174,175,1.73900534236652,25.8149818953381,102.208136012327,25.7545938533834,102.235345454643,20.3698823515516,18.6308770091851,2010.11795320677,2011.85695854913,1029000000
175,177,0.372335108842288,25.7545938533834,102.235345454643,25.7685960373432,102.210677079022,20.7422174603939,20.3698823515516,2011.85695854913,2012.22929365798,1029000000
175,176,0.229707044285962,25.7545938533834,102.235345454643,25.1960982741737,102.05012467688,20.5995893958376,20.3698823515516,2011.85695854913,2012.08666559342,1029000000
176,73,2.9933344065804,25.1960982741737,102.05012467688,25.1949934880832,102.056771958846,23.592923802418,20.5995893958376,2012.08666559342,2015.08,1029000000
176,74,0.243334406580397,25.1960982741737,102.05012467688,25.1964771532726,102.051368174123,20.842923802418,20.5995893958376,2012.08666559342,2012.33,1029000000
177,75,0.0207063420241438,25.7685960373432,102.210677079022,25.7038353967095,102.206629412751,20.7629238024181,20.7422174603939,2012.22929365798,2012.25,1029000000
177,76,0.0207063420241438,25.7685960373432,102.210677079022,25.7644876966072,102.206231207846,20.7629238024181,20.7422174603939,2012.22929365798,2012.25,1029000000
178,179,0.257785933225652,25.7688179724389,102.186032710414,25.784280509725,102.191077935131,17.7523535953938,17.4945676621681,2008.98164385975,2009.23942979298,1029000000
178,180,0.563226523886231,25.7688179724389,102.186032710414,25.7289360546457,102.209974695446,18.0577941860544,17.4945676621681,2008.98164385975,2009.54487038364,1029000000
179,79,6.01057020702428,25.784280509725,102.191077935131,27.004787,103.11815,23.7629238024181,17.7523535953938,2009.23942979298,2015.25,1029000000
179,78,3.18057020702435,25.784280509725,102.191077935131,25.7745803894528,102.190042215149,20.9329238024181,17.7523535953938,2009.23942979298,2012.42,1029000000
180,181,4.0224118651106,25.7289360546457,102.209974695446,25.7451137714451,102.210948306015,22.080206051165,18.0577941860544,2009.54487038364,2013.56728224875,1029000000
180,80,2.87512961636377,25.7289360546457,102.209974695446,25.7394860608424,102.227152427316,20.9329238024181,18.0577941860544,2009.54487038364,2012.42,1029000000
181,81,0.932717751253099,25.7451137714451,102.210948306015,25.7209208437718,102.172120617662,23.0129238024181,22.080206051165,2013.56728224875,2014.5,1029000000
181,82,0.762717751253026,25.7451137714451,102.210948306015,25.7576349065405,102.245327539447,22.842923802418,22.080206051165,2013.56728224875,2014.33,1029000000
182,184,14.0544858307258,25.7500849285277,101.361831312385,24.0448619700851,98.3193059280298,15.9324003241808,1.87791449345504,1993.36499069104,2007.41947652176,1029000000
182,183,16.2710321384464,25.7500849285277,101.361831312385,22.8440666120593,103.104301140369,18.1489466319014,1.87791449345504,1993.36499069104,2009.63602282948,1029000000
183,84,0.783977170516713,22.8440666120593,103.104301140369,22.781075,103.09642,18.9329238024181,18.1489466319014,2009.63602282948,2010.42,1029000000
183,83,5.11397717051664,22.8440666120593,103.104301140369,25.081568,102.83437,23.2629238024181,18.1489466319014,2009.63602282948,2014.75,1029000000
184,187,2.16721761560436,24.0448619700851,98.3193059280298,23.7277537821979,98.4062110312827,18.0996179397852,15.9324003241808,2007.41947652176,2009.58669413737,1029000000
184,185,1.39769662849059,24.0448619700851,98.3193059280298,24.1758228449299,98.3947154482951,17.3300969526714,15.9324003241808,2007.41947652176,2008.81717315025,1029000000
185,85,3.60282684974673,24.1758228449299,98.3947154482951,24.324522,98.423866,20.9329238024181,17.3300969526714,2008.81717315025,2012.42,1029000000
185,186,5.24218233314886,24.1758228449299,98.3947154482951,24.7349570755268,98.3039872716697,22.5722792858203,17.3300969526714,2008.81717315025,2014.0593554834,1029000000
186,87,1.6906445165978,24.7349570755268,98.3039872716697,24.0244129625487,97.8002474860905,24.2629238024181,22.5722792858203,2014.0593554834,2015.75,1029000000
186,86,0.520644516597726,24.7349570755268,98.3039872716697,24.738411,98.318321,23.092923802418,22.5722792858203,2014.0593554834,2014.58,1029000000
187,88,2.49330586263282,23.7277537821979,98.4062110312827,23.9874365948686,97.7534240267701,20.592923802418,18.0996179397852,2009.58669413737,2012.08,1029000000
187,188,1.50464879519703,23.7277537821979,98.4062110312827,23.6182756689191,97.7294034708886,19.6042667349822,18.0996179397852,2009.58669413737,2011.09134293256,1029000000
188,99,1.15865706743586,23.6182756689191,97.7294034708886,24.09654,98.059662,20.7629238024181,19.6042667349822,2011.09134293256,2012.25,1029000000
188,189,1.99460718732751,23.6182756689191,97.7294034708886,26.1732173273346,99.8527444602166,21.5988739223097,19.6042667349822,2011.09134293256,2013.08595011989,1029000000
189,190,0.221631823806986,26.1732173273346,99.8527444602166,26.1100320986949,99.8807475893248,21.8205057461167,21.5988739223097,2013.08595011989,2013.3075819437,1029000000
189,197,1.4858324493499,26.1732173273346,99.8527444602166,26.0729179414966,99.9223072776437,23.0847063716596,21.5988739223097,2013.08595011989,2014.57178256924,1029000000
190,191,1.74018145771694,26.1100320986949,99.8807475893248,25.8659585245721,99.302620975955,23.5606872038336,21.8205057461167,2013.3075819437,2015.04776340142,1029000000
190,195,0.568721115417593,26.1100320986949,99.8807475893248,26.4002056581291,99.7478505544165,22.3892268615343,21.8205057461167,2013.3075819437,2013.87630305912,1029000000
191,192,0.106545373636005,25.8659585245721,99.302620975955,25.8703681432898,99.301272557516,23.6672325774696,23.5606872038336,2015.04776340142,2015.15430877505,1029000000
191,89,0.45223659858442,25.8659585245721,99.302620975955,25.8484884142293,99.344228149976,24.0129238024181,23.5606872038336,2015.04776340142,2015.5,1029000000
192,93,0.595691224948415,25.8703681432898,99.301272557516,26.6130901849302,99.290184167175,24.2629238024181,23.6672325774696,2015.15430877505,2015.75,1029000000
192,193,0.428497701441077,25.8703681432898,99.301272557516,25.8571563528617,99.289492827725,24.0957302789107,23.6672325774696,2015.15430877505,2015.58280647649,1029000000
193,194,0.0674487226225807,25.8571563528617,99.289492827725,25.8413559836052,99.3047407465159,24.1631790015333,24.0957302789107,2015.58280647649,2015.65025519912,1029000000
193,90,0.167193523507338,25.8571563528617,99.289492827725,25.8574885475625,99.2902263332673,24.2629238024181,24.0957302789107,2015.58280647649,2015.75,1029000000
194,92,0.0197448008848302,25.8413559836052,99.3047407465159,25.8958908312313,99.2857811182284,24.1829238024181,24.1631790015333,2015.65025519912,2015.67,1029000000
194,91,0.0197448008848302,25.8413559836052,99.3047407465159,25.8479265346905,99.3038808311236,24.1829238024181,24.1631790015333,2015.65025519912,2015.67,1029000000
195,96,0.373696940883768,26.4002056581291,99.7478505544165,26.4022465723592,99.7236030244171,22.7629238024181,22.3892268615343,2013.87630305912,2014.25,1029000000
195,196,0.488702153886733,26.4002056581291,99.7478505544165,26.4154621177169,99.7265275730323,22.877929015421,22.3892268615343,2013.87630305912,2014.365005213,1029000000
196,94,0.214994786996963,26.4154621177169,99.7265275730323,26.3968446308933,99.718749625129,23.092923802418,22.877929015421,2014.365005213,2014.58,1029000000
196,95,0.804994786997108,26.4154621177169,99.7265275730323,26.4128481601799,99.7297074117656,23.6829238024181,22.877929015421,2014.365005213,2015.17,1029000000
197,97,0.758217430758371,26.0729179414966,99.9223072776437,26.0302023672163,99.8990130540768,23.842923802418,23.0847063716596,2014.57178256924,2015.33,1029000000
197,98,0.848217430758517,26.0729179414966,99.9223072776437,26.101990267428,99.9189003311069,23.9329238024181,23.0847063716596,2014.57178256924,2015.42,1029000000
226,227,0.378350412549683,25.4953232933871,101.473787935373,25.3953602461603,101.562130954514,0.378350412549683,0,1992.93956582294,1993.31791623549,1029000000
226,234,0.280404170833723,25.4953232933871,101.473787935373,25.5035989757422,101.415631050027,0.280404170833723,0,1992.93956582294,1993.21996999377,1029000000
227,228,14.0529685670463,25.3953602461603,101.562130954514,24.7088849932862,101.526143688954,14.431318979596,0.378350412549683,1993.31791623549,2007.37088480253,1029000000
227,232,14.144653087908,25.3953602461603,101.562130954514,25.8272560995719,101.766608260135,14.5230035004577,0.378350412549683,1993.31791623549,2007.46256932339,1029000000
228,231,3.9710811131512,24.7088849932862,101.526143688954,24.6867518074375,101.503089747189,18.4024000927472,14.431318979596,2007.37088480253,2011.34196591568,1029000000
228,229,2.56719633603011,24.7088849932862,101.526143688954,24.6382329758541,101.516089457105,16.9985153156261,14.431318979596,2007.37088480253,2009.93808113856,1029000000
229,200,3.98191886143697,24.6382329758541,101.516089457105,24.5078041643612,101.631798076261,20.9804341770631,16.9985153156261,2009.93808113856,2013.92,1029000000
229,230,4.77410567601684,24.6382329758541,101.516089457105,24.5420457617884,101.626202433954,21.772620991643,16.9985153156261,2009.93808113856,2014.71218681458,1029000000
230,198,0.367813185419978,24.5420457617884,101.626202433954,24.5125894812309,101.667772275544,22.140434177063,21.772620991643,2014.71218681458,2015.08,1029000000
230,199,0.287813185420051,24.5420457617884,101.626202433954,24.5789672584278,101.589557988068,22.060434177063,21.772620991643,2014.71218681458,2015,1029000000
231,201,2.07803408431588,24.6867518074375,101.503089747189,25.093304,101.033,20.4804341770631,18.4024000927472,2011.34196591568,2013.42,1029000000
231,202,2.23803408431574,24.6867518074375,101.503089747189,24.868511,101.321,20.640434177063,18.4024000927472,2011.34196591568,2013.58,1029000000
232,203,5.2874306766053,25.8272560995719,101.766608260135,25.7400694280482,101.832829559277,19.810434177063,14.5230035004577,2007.46256932339,2012.75,1029000000
232,233,0.857939029188509,25.8272560995719,101.766608260135,25.8309531577143,101.79565114422,15.3809425296462,14.5230035004577,2007.46256932339,2008.32050835258,1029000000
233,205,4.17949164741679,25.8309531577143,101.79565114422,25.8194055009284,101.89549859647,19.560434177063,15.3809425296462,2008.32050835258,2012.5,1029000000
233,204,4.50949164741672,25.8309531577143,101.79565114422,25.7894219100114,101.871040058018,19.890434177063,15.3809425296462,2008.32050835258,2012.83,1029000000
234,235,0.0169962132903798,25.5035989757422,101.415631050027,25.493832242704,101.435953737469,0.297400384124103,0.280404170833723,1993.21996999377,1993.23696620706,1029000000
234,242,13.9756379762981,25.5035989757422,101.415631050027,25.255829413287,101.803945908516,14.2560421471318,0.280404170833723,1993.21996999377,2007.19560797007,1029000000
235,236,19.6524764756705,25.493832242704,101.435953737469,25.5137435403406,101.213972277034,19.9498768597946,0.297400384124103,1993.23696620706,2012.88944268273,1029000000
235,213,20.683033792939,25.493832242704,101.435953737469,25.510801,100.77525,20.9804341770631,0.297400384124103,1993.23696620706,2013.92,1029000000
236,206,0.28055731726852,25.5137435403406,101.213972277034,25.5367969380647,101.223666256503,20.2304341770631,19.9498768597946,2012.88944268273,2013.17,1029000000
236,237,0.294421167120815,25.5137435403406,101.213972277034,25.4867591152786,101.215236235175,20.2442980269154,19.9498768597946,2012.88944268273,2013.18386384985,1029000000
237,207,0.146136150147559,25.4867591152786,101.215236235175,25.5336573117812,101.166170861387,20.390434177063,20.2442980269154,2013.18386384985,2013.33,1029000000
237,238,0.252330063880991,25.4867591152786,101.215236235175,25.4915046574187,101.213909871123,20.4966280907964,20.2442980269154,2013.18386384985,2013.43619391373,1029000000
238,208,1.73380608626671,25.4915046574187,101.213909871123,25.5093810489001,101.193958351035,22.2304341770631,20.4966280907964,2013.43619391373,2015.17,1029000000
238,239,0.245981764824989,25.4915046574187,101.213909871123,25.4866421642508,101.206686959584,20.7426098556214,20.4966280907964,2013.43619391373,2013.68217567856,1029000000
239,240,0.0421338772799671,25.4866421642508,101.206686959584,25.5105583233144,101.180033596152,20.7847437329013,20.7426098556214,2013.68217567856,2013.72430955584,1029000000
239,212,0.237824321441725,25.4866421642508,101.206686959584,25.4851750806935,101.204235171419,20.9804341770631,20.7426098556214,2013.68217567856,2013.92,1029000000
240,209,0.195690444161758,25.5105583233144,101.180033596152,25.4960780417063,101.198587044523,20.9804341770631,20.7847437329013,2013.72430955584,2013.92,1029000000
240,241,0.592645864374389,25.5105583233144,101.180033596152,25.5026781797304,101.209422593169,21.3773895972757,20.7847437329013,2013.72430955584,2014.31695542021,1029000000
241,210,0.353044579787368,25.5026781797304,101.209422593169,25.5024332718525,101.248106426167,21.7304341770631,21.3773895972757,2014.31695542021,2014.67,1029000000
241,211,0.683044579787295,25.5026781797304,101.209422593169,25.4818092750109,101.217039425829,22.060434177063,21.3773895972757,2014.31695542021,2015,1029000000
242,243,1.39207283032914,25.255829413287,101.803945908516,25.4770220371268,101.540797662761,15.6481149774609,14.2560421471318,2007.19560797007,2008.5876808004,1029000000
242,214,5.22439202993129,25.255829413287,101.803945908516,25.183891,102.01944,19.4804341770631,14.2560421471318,2007.19560797007,2012.42,1029000000
243,244,5.03856750903451,25.4770220371268,101.540797662761,25.9649996236733,101.233279109514,20.6866824864955,15.6481149774609,2008.5876808004,2013.62624830943,1029000000
243,245,3.91805365117225,25.4770220371268,101.540797662761,25.429268433284,101.557230159919,19.5661686286332,15.6481149774609,2008.5876808004,2012.50573445157,1029000000
244,216,0.7037516905675,25.9649996236733,101.233279109514,25.8974568832668,101.278302414307,21.390434177063,20.6866824864955,2013.62624830943,2014.33,1029000000
244,215,0.7037516905675,25.9649996236733,101.233279109514,25.982657659462,101.193623256869,21.390434177063,20.6866824864955,2013.62624830943,2014.33,1029000000
245,252,0.636011007630105,25.429268433284,101.557230159919,25.4089514272229,101.586240077279,20.2021796362633,19.5661686286332,2012.50573445157,2013.1417454592,1029000000
245,246,0.623297777859875,25.429268433284,101.557230159919,25.4353907895922,101.557669570334,20.1894664064931,19.5661686286332,2012.50573445157,2013.12903222943,1029000000
246,247,0.591778137006864,25.4353907895922,101.557669570334,25.4127943159335,101.592654335444,20.7812445434999,20.1894664064931,2013.12903222943,2013.72081036644,1029000000
246,251,0.605754009438825,25.4353907895922,101.557669570334,25.4388679541458,101.554582376452,20.7952204159319,20.1894664064931,2013.12903222943,2013.73478623887,1029000000
247,249,0.0372881067540587,25.4127943159335,101.592654335444,25.4093327988328,101.559614766416,20.818532650254,20.7812445434999,2013.72081036644,2013.75809847319,1029000000
247,248,0.341464545052661,25.4127943159335,101.592654335444,25.4259035028493,101.592936187132,21.1227090885526,20.7812445434999,2013.72081036644,2014.06227491149,1029000000
248,217,0.607725088510506,25.4259035028493,101.592936187132,25.3786875374443,101.606310684652,21.7304341770631,21.1227090885526,2014.06227491149,2014.67,1029000000
248,218,0.357725088510506,25.4259035028493,101.592936187132,25.4098055647798,101.599693134394,21.4804341770631,21.1227090885526,2014.06227491149,2014.42,1029000000
249,221,1.24190152680904,25.4093327988328,101.559614766416,25.3686639724289,101.594265147485,22.060434177063,20.818532650254,2013.75809847319,2015,1029000000
249,250,0.137947568605234,25.4093327988328,101.559614766416,25.3793782868175,101.59114068082,20.9564802188592,20.818532650254,2013.75809847319,2013.8960460418,1029000000
250,220,0.523953958203875,25.3793782868175,101.59114068082,25.3770019401691,101.558879354224,21.4804341770631,20.9564802188592,2013.8960460418,2014.42,1029000000
250,219,0.023953958203875,25.3793782868175,101.59114068082,25.3782248290871,101.592408701954,20.9804341770631,20.9564802188592,2013.8960460418,2013.92,1029000000
251,222,0.0152137611311347,25.4388679541458,101.554582376452,25.4376263399323,101.560602866834,20.810434177063,20.7952204159319,2013.73478623887,2013.75,1029000000
251,223,1.01521376113113,25.4388679541458,101.554582376452,25.4370729413773,101.561078619679,21.810434177063,20.7952204159319,2013.73478623887,2014.75,1029000000
252,225,0.188254540799656,25.4089514272229,101.586240077279,25.4100683696233,101.571053188033,20.390434177063,20.2021796362633,2013.1417454592,2013.33,1029000000
252,224,0.188254540799656,25.4089514272229,101.586240077279,25.4300792021404,101.566769892535,20.390434177063,20.2021796362633,2013.1417454592,2013.33,1029000000
350,354,1.68301358309789,26.3976241180691,103.251790785427,26.5603007293098,103.382292524962,1.68301358309789,0,1993.01135471884,1994.69436830193,1029000000
350,351,0.273179748638348,26.3976241180691,103.251790785427,25.5253710921881,104.412055490876,0.273179748638348,0,1993.01135471884,1993.28453446747,1029000000
351,253,17.6354655325257,25.5253710921881,104.412055490876,25.5162955948602,104.363333210408,17.9086452811641,0.273179748638348,1993.28453446747,2010.92,1029000000
351,352,0.0326179568610954,25.5253710921881,104.412055490876,25.4697100065287,104.401548098173,0.305797705499444,0.273179748638348,1993.28453446747,1993.31715242434,1029000000
352,353,0.0142872321950449,25.4697100065287,104.401548098173,25.5497188894375,104.417262160397,0.320084937694489,0.305797705499444,1993.31715242434,1993.33143965653,1029000000
352,254,15.1028475756646,25.4697100065287,104.401548098173,25.367068252336,104.26264702445,15.4086452811641,0.305797705499444,1993.31715242434,2008.42,1029000000
353,256,15.4985603434694,25.5497188894375,104.417262160397,27.8825176647736,105.009470317098,15.8186452811639,0.320084937694489,1993.33143965653,2008.83,1029000000
353,255,15.4985603434694,25.5497188894375,104.417262160397,27.7890732711434,105.062401448236,15.8186452811639,0.320084937694489,1993.33143965653,2008.83,1029000000
354,355,12.1885682765772,26.5603007293098,103.382292524962,25.8114991115847,102.11802255376,13.8715818596751,1.68301358309789,1994.69436830193,2006.88293657851,1029000000
354,349,12.885631698066,26.5603007293098,103.382292524962,27.428635,103.60532,14.5686452811639,1.68301358309789,1994.69436830193,2007.58,1029000000
355,356,0.617275955255474,25.8114991115847,102.11802255376,25.8430815055847,102.183381509146,14.4888578149306,13.8715818596751,2006.88293657851,2007.50021253377,1029000000
355,402,0.401878243879112,25.8114991115847,102.11802255376,25.7557209997793,102.065750465953,14.2734601035542,13.8715818596751,2006.88293657851,2007.28481482239,1029000000
356,357,0.11051399563938,25.8430815055847,102.183381509146,24.0768095717053,101.03231915118,14.5993718105699,14.4888578149306,2007.50021253377,2007.61072652941,1029000000
356,400,0.14394439714612,25.8430815055847,102.183381509146,25.7838506602817,102.145961522876,14.6328022120767,14.4888578149306,2007.50021253377,2007.64415693091,1029000000
357,358,0.721159052421055,24.0768095717053,101.03231915118,24.0335748890912,101.011889124747,15.320530862991,14.5993718105699,2007.61072652941,2008.33188558183,1029000000
357,363,0.273027493073882,24.0768095717053,101.03231915118,24.069006572216,101.023184426915,14.8723993036438,14.5993718105699,2007.61072652941,2007.88375402248,1029000000
358,359,1.27307170776158,24.0335748890912,101.011889124747,24.0058258735913,101.002695341087,16.5936025707526,15.320530862991,2008.33188558183,2009.60495728959,1029000000
358,262,3.66811441817299,24.0335748890912,101.011889124747,23.4110319316803,100.556642442016,18.988645281164,15.320530862991,2008.33188558183,2012,1029000000
359,261,1.39504271041141,24.0058258735913,101.002695341087,24.041313982532,100.904122177692,17.988645281164,16.5936025707526,2009.60495728959,2011,1029000000
359,360,0.720703062925145,24.0058258735913,101.002695341087,23.8748467743046,100.995261918668,17.3143056336777,16.5936025707526,2009.60495728959,2010.32566035251,1029000000
360,361,0.78416783775783,23.8748467743046,100.995261918668,23.9026008508421,100.979933015259,18.0984734714355,17.3143056336777,2010.32566035251,2011.10982819027,1029000000
360,260,2.09433964748634,23.8748467743046,100.995261918668,25.2372739593496,101.988433428962,19.4086452811641,17.3143056336777,2010.32566035251,2012.42,1029000000
361,362,0.0645681314912263,23.9026008508421,100.979933015259,23.8966476481224,100.972920819139,18.1630416029268,18.0984734714355,2011.10982819027,2011.17439632176,1029000000
361,259,0.970171809728364,23.9026008508421,100.979933015259,23.3949752075156,100.584949005912,19.0686452811639,18.0984734714355,2011.10982819027,2012.08,1029000000
362,257,3.15560367823714,23.8966476481224,100.972920819139,24.3792618604367,100.702342845564,21.3186452811639,18.1630416029268,2011.17439632176,2014.33,1029000000
362,258,0.655603678237138,23.8966476481224,100.972920819139,23.9020406768538,100.971620856836,18.8186452811639,18.1630416029268,2011.17439632176,2011.83,1029000000
363,364,1.39209378191591,24.069006572216,101.023184426915,24.0561717582673,100.793638636001,16.2644930855597,14.8723993036438,2007.88375402248,2009.2758478044,1029000000
363,389,0.192343435782851,24.069006572216,101.023184426915,22.3720163100241,100.812243195773,15.0647427394267,14.8723993036438,2007.88375402248,2008.07609745826,1029000000
364,365,0.279956783700543,24.0561717582673,100.793638636001,24.2171468802626,100.968198465467,16.5444498692603,16.2644930855597,2009.2758478044,2009.5558045881,1029000000
364,386,0.0496574562775507,24.0561717582673,100.793638636001,22.7046208455921,100.077241597627,16.3141505418373,16.2644930855597,2009.2758478044,2009.32550526067,1029000000
365,284,3.36419541190379,24.2171468802626,100.968198465467,24.5630871664873,101.711028891874,19.9086452811641,16.5444498692603,2009.5558045881,2012.92,1029000000
365,366,2.31027573618931,24.2171468802626,100.968198465467,24.4672555479198,100.957809257947,18.8547256054496,16.5444498692603,2009.5558045881,2011.86608032429,1029000000
366,372,0.27245906749271,24.4672555479198,100.957809257947,25.145035299006,102.031195526801,19.1271846729423,18.8547256054496,2011.86608032429,2012.13853939178,1029000000
366,367,0.636864571955245,24.4672555479198,100.957809257947,24.4682595084467,100.885282354682,19.4915901774048,18.8547256054496,2011.86608032429,2012.50294489624,1029000000
367,268,0.997055103759156,24.4682595084467,100.885282354682,24.3424865783703,100.868222547033,20.488645281164,19.4915901774048,2012.50294489624,2013.5,1029000000
367,368,0.288590470609956,24.4682595084467,100.885282354682,24.3960176618237,101.083683238553,19.7801806480148,19.4915901774048,2012.50294489624,2012.79153536685,1029000000
368,370,1.14172745508526,24.3960176618237,101.083683238553,25.2122494339972,99.0707749854616,20.9219081031,19.7801806480148,2012.79153536685,2013.93326282194,1029000000
368,369,0.833952883005041,24.3960176618237,101.083683238553,24.5301985204252,100.966235994014,20.6141335310198,19.7801806480148,2012.79153536685,2013.62548824986,1029000000
369,263,0.454511750144086,24.5301985204252,100.966235994014,24.4394439304481,100.869307051853,21.0686452811639,20.6141335310198,2013.62548824986,2014.08,1029000000
369,264,1.62451175014416,24.5301985204252,100.966235994014,24.4852673600544,100.865222426802,22.238645281164,20.6141335310198,2013.62548824986,2015.25,1029000000
370,371,0.311545902848546,25.2122494339972,99.0707749854616,25.1256523010494,99.0966517841121,21.2334540059486,20.9219081031,2013.93326282194,2014.24480872478,1029000000
370,267,0.146737178063862,25.2122494339972,99.0707749854616,25.1512672865124,99.0162296157765,21.0686452811639,20.9219081031,2013.93326282194,2014.08,1029000000
371,265,1.42519127521546,25.1256523010494,99.0966517841121,25.2637705110603,99.1292647352644,22.6586452811641,21.2334540059486,2014.24480872478,2015.67,1029000000
371,266,0.505191275215389,25.1256523010494,99.0966517841121,25.2692489729066,99.0376007284652,21.738645281164,21.2334540059486,2014.24480872478,2014.75,1029000000
372,385,0.38297139721717,25.145035299006,102.031195526801,25.3991532332803,103.756718485535,19.5101560701595,19.1271846729423,2012.13853939178,2012.521510789,1029000000
372,373,0.501961127448427,25.145035299006,102.031195526801,25.1340735155921,102.001074545926,19.6291458003907,19.1271846729423,2012.13853939178,2012.64050051923,1029000000
373,269,2.85949948077326,25.1340735155921,102.001074545926,25.392815,101.58666,22.488645281164,19.6291458003907,2012.64050051923,2015.5,1029000000
373,374,0.363733115823861,25.1340735155921,102.001074545926,25.2538674715514,102.086748352951,19.9928789162146,19.6291458003907,2012.64050051923,2013.00423363505,1029000000
374,270,2.07576636494933,25.2538674715514,102.086748352951,25.2046308074155,102.113826260426,22.0686452811639,19.9928789162146,2013.00423363505,2015.08,1029000000
374,375,0.340143984120251,25.2538674715514,102.086748352951,25.2218770143987,101.938269269088,20.3330229003348,19.9928789162146,2013.00423363505,2013.34437761917,1029000000
375,271,2.23562238082908,25.2218770143987,101.938269269088,25.2511236821059,101.93887304063,22.5686452811639,20.3330229003348,2013.34437761917,2015.58,1029000000
375,376,0.1562941016335,25.2218770143987,101.938269269088,25.1836529703063,101.899821767929,20.4893170019683,20.3330229003348,2013.34437761917,2013.5006717208,1029000000
376,377,0.828376928610581,25.1836529703063,101.899821767929,25.1685287753991,101.936557968965,21.3176939305789,20.4893170019683,2013.5006717208,2014.32904864941,1029000000
376,378,0.117905272842694,25.1836529703063,101.899821767929,25.2323670579547,101.94147550849,20.607222274811,20.4893170019683,2013.5006717208,2013.61857699365,1029000000
377,273,0.0909513505851438,25.1685287753991,101.936557968965,25.1731274915013,101.931703088531,21.4086452811641,21.3176939305789,2014.32904864941,2014.42,1029000000
377,272,0.0909513505851438,25.1685287753991,101.936557968965,25.273430999138,101.92312354512,21.4086452811641,21.3176939305789,2014.32904864941,2014.42,1029000000
378,379,0.128648815168121,25.2323670579547,101.94147550849,25.2171750944053,101.988589672732,20.7358710899791,20.607222274811,2013.61857699365,2013.74722580882,1029000000
378,383,0.0119704550420181,25.2323670579547,101.94147550849,25.2323249957515,101.939137216544,20.619192729853,20.607222274811,2013.61857699365,2013.63054744869,1029000000
379,380,0.0321759905362837,25.2171750944053,101.988589672732,25.2156487271227,101.982127924586,20.7680470805154,20.7358710899791,2013.74722580882,2013.77940179935,1029000000
379,381,0.253945403833957,25.2171750944053,101.988589672732,25.1800773203409,101.938099010031,20.9898164938131,20.7358710899791,2013.74722580882,2014.00117121265,1029000000
380,275,0.30059820064848,25.2156487271227,101.982127924586,25.2313880437169,101.96842139312,21.0686452811639,20.7680470805154,2013.77940179935,2014.08,1029000000
380,274,1.64059820064863,25.2156487271227,101.982127924586,25.1435628794615,101.942849240538,22.4086452811641,20.7680470805154,2013.77940179935,2015.42,1029000000
381,276,0.918828787350952,25.1800773203409,101.938099010031,25.2365914180388,102.020439532664,21.9086452811641,20.9898164938131,2014.00117121265,2014.92,1029000000
381,382,0.972504138648831,25.1800773203409,101.938099010031,25.155840867839,102.060013124754,21.9623206324619,20.9898164938131,2014.00117121265,2014.9736753513,1029000000
382,278,0.0263246487020491,25.155840867839,102.060013124754,25.1580217857581,102.080209094913,21.988645281164,21.9623206324619,2014.9736753513,2015,1029000000
382,277,0.446324648702122,25.155840867839,102.060013124754,25.1602183843858,102.051910353902,22.4086452811641,21.9623206324619,2014.9736753513,2015.42,1029000000
383,384,0.153412200900552,25.2323249957515,101.939137216544,25.2290114273648,101.931161739524,20.7726049307536,20.619192729853,2013.63054744869,2013.78395964959,1029000000
383,279,0.449452551310867,25.2323249957515,101.939137216544,25.1820900576969,101.948133164383,21.0686452811639,20.619192729853,2013.63054744869,2014.08,1029000000
384,281,0.296040350410315,25.2290114273648,101.931161739524,25.2511579982307,101.924445912932,21.0686452811639,20.7726049307536,2013.78395964959,2014.08,1029000000
384,280,0.63604035041046,25.2290114273648,101.931161739524,25.2540301986926,101.978775500283,21.4086452811641,20.7726049307536,2013.78395964959,2014.42,1029000000
385,282,0.148489211004594,25.3991532332803,103.756718485535,21.7335,101.45409,19.6586452811641,19.5101560701595,2012.521510789,2012.67,1029000000
385,283,0.478489211004521,25.3991532332803,103.756718485535,25.639311,103.86436,19.988645281164,19.5101560701595,2012.521510789,2013,1029000000
386,288,1.84449473932678,22.7046208455921,100.077241597627,21.964766,100.32704,18.1586452811641,16.3141505418373,2009.32550526067,2011.17,1029000000
386,387,1.6530828961343,22.7046208455921,100.077241597627,22.7040065096724,100.075406803044,17.9672334379716,16.3141505418373,2009.32550526067,2010.97858815681,1029000000
387,287,1.02141184319241,22.7040065096724,100.075406803044,22.6685872580525,100.044629472023,18.988645281164,17.9672334379716,2010.97858815681,2012,1029000000
387,388,0.470601024435912,22.7040065096724,100.075406803044,22.7169951564956,100.083503724618,18.4378344624075,17.9672334379716,2010.97858815681,2011.44918918124,1029000000
388,285,2.8008108187565,22.7169951564956,100.083503724618,23.846087,100.13168,21.238645281164,18.4378344624075,2011.44918918124,2014.25,1029000000
388,286,0.630810818756423,22.7169951564956,100.083503724618,22.6929478541847,100.053703670974,19.0686452811639,18.4378344624075,2011.44918918124,2012.08,1029000000
389,390,1.04900629026022,22.3720163100241,100.812243195773,22.1102970643466,100.816939877378,16.1137490296869,15.0647427394267,2008.07609745826,2009.12510374852,1029000000
389,392,0.194928703047307,22.3720163100241,100.812243195773,22.5883428456761,100.820514667742,15.259671442474,15.0647427394267,2008.07609745826,2008.27102616131,1029000000
390,391,3.08999685315013,22.1102970643466,100.816939877378,22.1157177368259,100.843956413988,19.203745882837,16.1137490296869,2009.12510374852,2012.21510060167,1029000000
390,291,0.374896251477098,22.1102970643466,100.816939877378,22.0924691043062,100.820569644275,16.488645281164,16.1137490296869,2009.12510374852,2009.5,1029000000
391,289,1.45489939832704,22.1157177368259,100.843956413988,22.0878273216452,100.910348162165,20.6586452811641,19.203745882837,2012.21510060167,2013.67,1029000000
391,290,1.45489939832704,22.1157177368259,100.843956413988,22.0629318250208,100.866416682675,20.6586452811641,19.203745882837,2012.21510060167,2013.67,1029000000
392,395,0.0483669918737615,22.5883428456761,100.820514667742,22.6586024572464,100.886295763549,15.3080384343477,15.259671442474,2008.27102616131,2008.31939315318,1029000000
392,393,1.06141299807799,22.5883428456761,100.820514667742,22.5927045053382,100.863501345649,16.321084440552,15.259671442474,2008.27102616131,2009.33243915939,1029000000
393,292,1.24756084061195,22.5927045053382,100.863501345649,22.7135816434852,100.893348356162,17.5686452811639,16.321084440552,2009.33243915939,2010.58,1029000000
393,394,0.348507429494942,22.5927045053382,100.863501345649,22.775818151494,100.761884986312,16.6695918700469,16.321084440552,2009.33243915939,2009.68094658888,1029000000
394,294,0.569053411117078,22.775818151494,100.761884986312,23.098431,101.18665,17.238645281164,16.6695918700469,2009.68094658888,2010.25,1029000000
394,293,0.819053411117078,22.775818151494,100.761884986312,22.7661816557137,100.764981546712,17.488645281164,16.6695918700469,2009.68094658888,2010.5,1029000000
395,396,0.189743655048575,22.6586024572464,100.886295763549,22.647243839022,100.887414595951,15.4977820893963,15.3080384343477,2008.31939315318,2008.50913680823,1029000000
395,300,2.43060684681624,22.6586024572464,100.886295763549,22.7392591495162,100.897767507037,17.738645281164,15.3080384343477,2008.31939315318,2010.75,1029000000
396,397,0.214461908566941,22.647243839022,100.887414595951,22.6860634898031,100.892080858427,15.7122439979633,15.4977820893963,2008.50913680823,2008.7235987168,1029000000
396,299,2.24086319176767,22.647243839022,100.887414595951,22.6709664979018,100.94415672046,17.738645281164,15.4977820893963,2008.50913680823,2010.75,1029000000
397,298,0.196401283200801,22.6860634898031,100.892080858427,22.0356897388706,101.002888816656,15.9086452811641,15.7122439979633,2008.7235987168,2008.92,1029000000
397,398,0.62488446593241,22.6860634898031,100.892080858427,22.6984653376687,100.896168700125,16.3371284638957,15.7122439979633,2008.7235987168,2009.34848318273,1029000000
398,297,1.90151681726832,22.6984653376687,100.896168700125,22.7871768247323,100.936751186035,18.238645281164,16.3371284638957,2009.34848318273,2011.25,1029000000
398,399,0.352330754351274,22.6984653376687,100.896168700125,22.6941077968282,100.848557511446,16.6894592182469,16.3371284638957,2009.34848318273,2009.70081393708,1029000000
399,296,0.719186062917117,22.6941077968282,100.848557511446,22.7034432061356,100.818908357967,17.4086452811641,16.6894592182469,2009.70081393708,2010.42,1029000000
399,295,1.87918606291697,22.6941077968282,100.848557511446,22.7143879932295,100.016203707118,18.5686452811639,16.6894592182469,2009.70081393708,2011.58,1029000000
400,401,4.4726907321655,25.7838506602817,102.145961522876,25.777132724318,102.105732620748,19.1054929442422,14.6328022120767,2007.64415693091,2012.11684766308,1029000000
400,301,4.85584306908731,25.7838506602817,102.145961522876,25.941017,102.58662,19.488645281164,14.6328022120767,2007.64415693091,2012.5,1029000000
401,303,2.21315233692174,25.777132724318,102.105732620748,25.8068940683596,102.147899499458,21.3186452811639,19.1054929442422,2012.11684766308,2014.33,1029000000
401,302,2.38315233692181,25.777132724318,102.105732620748,25.6589109099449,102.238752251409,21.488645281164,19.1054929442422,2012.11684766308,2014.5,1029000000
402,403,0.00957761689095271,25.7557209997793,102.065750465953,25.6894997014934,102.123728993256,14.2830377204451,14.2734601035542,2007.28481482239,2007.29439243928,1029000000
402,442,1.82954488184869,25.7557209997793,102.065750465953,23.9060249051438,97.8074737189014,16.1030049854029,14.2734601035542,2007.28481482239,2009.11435970424,1029000000
403,404,0.18682596917767,25.6894997014934,102.123728993256,25.6838587871779,102.171872015073,14.4698636896228,14.2830377204451,2007.29439243928,2007.48121840846,1029000000
403,421,1.86349924349296,25.6894997014934,102.123728993256,25.6647272259126,102.159556074124,16.1465369639381,14.2830377204451,2007.29439243928,2009.15789168277,1029000000
404,415,0.605089798569691,25.6838587871779,102.171872015073,25.804122132465,102.234692414103,15.0749534881925,14.4698636896228,2007.48121840846,2008.08630820703,1029000000
404,405,1.66038222420311,25.6838587871779,102.171872015073,26.4591807884408,99.791037113511,16.1302459138259,14.4698636896228,2007.48121840846,2009.14160063266,1029000000
405,304,3.27839936733813,26.4591807884408,99.791037113511,24.324522,98.423866,19.4086452811641,16.1302459138259,2009.14160063266,2012.42,1029000000
405,406,3.48559482248612,26.4591807884408,99.791037113511,26.3044777337093,99.7200235994583,19.615840736312,16.1302459138259,2009.14160063266,2012.62719545515,1029000000
406,407,0.94117054534081,26.3044777337093,99.7200235994583,26.3769544987232,99.7276792458465,20.5570112816529,19.615840736312,2012.62719545515,2013.56836600049,1029000000
406,411,1.65687481649537,26.3044777337093,99.7200235994583,26.3512625993898,99.6763245425856,21.2727155528074,19.615840736312,2012.62719545515,2014.28407027164,1029000000
407,309,1.6016339995112,26.3769544987232,99.7276792458465,26.3613198567963,99.7783679168536,22.1586452811641,20.5570112816529,2013.56836600049,2015.17,1029000000
407,408,0.125603796412284,26.3769544987232,99.7276792458465,26.3048947726123,99.7223789361397,20.6826150780651,20.5570112816529,2013.56836600049,2013.6939697969,1029000000
408,308,0.556030203098842,26.3048947726123,99.7223789361397,26.4201745328233,99.834505259608,21.238645281164,20.6826150780651,2013.6939697969,2014.25,1029000000
408,409,1.3510111732001,26.3048947726123,99.7223789361397,26.0681324074023,99.9284291204395,22.0336262512652,20.6826150780651,2013.6939697969,2015.0449809701,1029000000
409,307,0.375019029898817,26.0681324074023,99.9284291204395,26.0981779464127,99.9325509286789,22.4086452811641,22.0336262512652,2015.0449809701,2015.42,1029000000
409,410,0.00696160897658216,26.0681324074023,99.9284291204395,26.1166254596742,99.959473708417,22.0405878602418,22.0336262512652,2015.0449809701,2015.05194257908,1029000000
410,305,0.278057420922089,26.1166254596742,99.959473708417,26.0574503235391,99.9904773962142,22.3186452811639,22.0405878602418,2015.05194257908,2015.33,1029000000
410,306,0.448057420922162,26.1166254596742,99.959473708417,25.892256100492,99.3338081043553,22.488645281164,22.0405878602418,2015.05194257908,2015.5,1029000000
411,412,0.189841131822151,26.3512625993898,99.6763245425856,25.9106248931568,99.2864229568993,21.4625566846296,21.2727155528074,2014.28407027164,2014.47391140347,1029000000
411,314,0.295929728356491,26.3512625993898,99.6763245425856,26.3460009921514,99.6752122409768,21.5686452811639,21.2727155528074,2014.28407027164,2014.58,1029000000
412,310,1.27608859653441,25.9106248931568,99.2864229568993,26.629215,99.260597,22.738645281164,21.4625566846296,2014.47391140347,2015.75,1029000000
412,413,0.686503490078559,25.9106248931568,99.2864229568993,25.8127126766407,99.2290385024796,22.1490601747081,21.4625566846296,2014.47391140347,2015.16041489354,1029000000
413,414,0.45401450723762,25.8127126766407,99.2290385024796,25.840769082571,99.2218178820526,22.6030746819457,22.1490601747081,2015.16041489354,2015.61442940078,1029000000
413,311,0.509585106455926,25.8127126766407,99.2290385024796,25.8428632706203,99.3223132169178,22.6586452811641,22.1490601747081,2015.16041489354,2015.67,1029000000
414,313,0.055570599218306,25.840769082571,99.2218178820526,25.8324548257435,99.2174887050361,22.6586452811641,22.6030746819457,2015.61442940078,2015.67,1029000000
414,312,0.135570599218233,25.840769082571,99.2218178820526,25.8056986379775,99.356643747547,22.738645281164,22.6030746819457,2015.61442940078,2015.75,1029000000
415,416,0.766741501426409,25.804122132465,102.234692414103,25.7498171358131,102.226953117341,15.8416949896189,15.0749534881925,2008.08630820703,2008.85304970846,1029000000
415,420,1.56712065617721,25.804122132465,102.234692414103,25.4370659818361,102.410376095429,16.6420741443697,15.0749534881925,2008.08630820703,2009.65342886321,1029000000
416,417,3.0205438295576,25.7498171358131,102.226953117341,25.829546539759,102.331649768513,18.8622388191765,15.8416949896189,2008.85304970846,2011.87359353801,1029000000
416,419,0.732996963203575,25.7498171358131,102.226953117341,26.3745069262118,104.332562557964,16.5746919528225,15.8416949896189,2008.85304970846,2009.58604667166,1029000000
417,418,2.59698590959944,25.829546539759,102.331649768513,25.0660568581167,102.8232727864,21.459224728776,18.8622388191765,2011.87359353801,2014.47057944761,1029000000
417,315,0.546406461987536,25.829546539759,102.331649768513,25.7753328116349,102.263426942809,19.4086452811641,18.8622388191765,2011.87359353801,2012.42,1029000000
418,317,0.779420552388023,25.0660568581167,102.8232727864,26.2506075708777,104.08179890667,22.238645281164,21.459224728776,2014.47057944761,2015.25,1029000000
418,316,0.279420552388023,25.0660568581167,102.8232727864,25.081568,102.83437,21.738645281164,21.459224728776,2014.47057944761,2014.75,1029000000
419,319,1.16395332834149,26.3745069262118,104.332562557964,26.3377626331841,104.235811658287,17.738645281164,16.5746919528225,2009.58604667166,2010.75,1029000000
419,318,1.08395332834156,26.3745069262118,104.332562557964,26.2745840844534,104.201033414261,17.6586452811641,16.5746919528225,2009.58604667166,2010.67,1029000000
420,321,0.926571136794191,25.4370659818361,102.410376095429,23.361286,101.54594,17.5686452811639,16.6420741443697,2009.65342886321,2010.58,1029000000
420,320,0.766571136794337,25.4370659818361,102.410376095429,22.781075,103.09642,17.4086452811641,16.6420741443697,2009.65342886321,2010.42,1029000000
421,422,2.23439701332933,25.6647272259126,102.159556074124,25.1116612574108,102.111271447178,18.3809339772674,16.1465369639381,2009.15789168277,2011.3922886961,1029000000
421,427,0.742644453354307,25.6647272259126,102.159556074124,25.6936009090256,102.181773914305,16.8891814172924,16.1465369639381,2009.15789168277,2009.90053613613,1029000000
422,423,0.696058272210473,25.1116612574108,102.111271447178,25.1000968575417,101.991187787884,19.0769922494779,18.3809339772674,2011.3922886961,2012.08834696831,1029000000
422,327,0.937711303896473,25.1116612574108,102.111271447178,25.1888161006003,102.067634737252,19.3186452811639,18.3809339772674,2011.3922886961,2012.33,1029000000
423,426,0.00339779708728294,25.1000968575417,101.991187787884,25.1024549023933,101.988088552785,19.0803900465652,19.0769922494779,2012.08834696831,2012.0917447654,1029000000
423,424,0.00426346164007096,25.1000968575417,101.991187787884,25.0846707394616,101.966754998403,19.081255711118,19.0769922494779,2012.08834696831,2012.09261042995,1029000000
424,425,0.170963058873566,25.0846707394616,101.966754998403,25.1847608131136,101.98378550101,19.2522187699915,19.081255711118,2012.09261042995,2012.26357348883,1029000000
424,322,0.577389570046074,25.0846707394616,101.966754998403,25.1054022268539,101.924692112183,19.6586452811641,19.081255711118,2012.09261042995,2012.67,1029000000
425,323,0.566426511172363,25.1847608131136,101.98378550101,25.2119936377576,101.975710316763,19.8186452811639,19.2522187699915,2012.26357348883,2012.83,1029000000
425,324,0.156426511172508,25.1847608131136,101.98378550101,25.2584868115635,102.007099258291,19.4086452811641,19.2522187699915,2012.26357348883,2012.42,1029000000
426,326,2.98825523459872,25.1024549023933,101.988088552785,25.1042712608951,102.092360742888,22.0686452811639,19.0803900465652,2012.0917447654,2015.08,1029000000
426,325,0.738255234598717,25.1024549023933,101.988088552785,25.268406540773,102.079302871669,19.8186452811639,19.0803900465652,2012.0917447654,2012.83,1029000000
427,433,0.808220462490042,25.6936009090256,102.181773914305,25.8080212497582,102.238076239015,17.6974018797825,16.8891814172924,2009.90053613613,2010.70875659862,1029000000
427,428,1.46870641464725,25.6936009090256,102.181773914305,25.7238700103446,102.197470955162,18.3578878319397,16.8891814172924,2009.90053613613,2011.36924255078,1029000000
428,429,0.3594436641825,25.7238700103446,102.197470955162,25.7177808313684,102.226809684422,18.7173314961222,18.3578878319397,2011.36924255078,2011.72868621496,1029000000
428,328,0.960757449224244,25.7238700103446,102.197470955162,25.02886,102.57242,19.3186452811639,18.3578878319397,2011.36924255078,2012.33,1029000000
429,431,0.673858538988745,25.7177808313684,102.226809684422,25.7163639799022,102.223031560251,19.3911900351109,18.7173314961222,2011.72868621496,2012.40254475395,1029000000
429,430,0.455720367904019,25.7177808313684,102.226809684422,25.7045468064673,102.211233028083,19.1730518640262,18.7173314961222,2011.72868621496,2012.18440658286,1029000000
430,330,0.23559341713787,25.7045468064673,102.211233028083,25.71516713702,102.212197630908,19.4086452811641,19.1730518640262,2012.18440658286,2012.42,1029000000
430,329,1.8155934171378,25.7045468064673,102.211233028083,25.510801,100.77525,20.988645281164,19.1730518640262,2012.18440658286,2014,1029000000
431,331,0.0174552460531441,25.7163639799022,102.223031560251,25.7232528219043,102.195274261086,19.4086452811641,19.3911900351109,2012.40254475395,2012.42,1029000000
431,432,1.96089796580438,25.7163639799022,102.223031560251,24.5388401464405,101.596132788938,21.3520880009153,19.3911900351109,2012.40254475395,2014.36344271975,1029000000
432,333,0.136557280248695,24.5388401464405,101.596132788938,24.5388113882416,101.594957679651,21.488645281164,21.3520880009153,2014.36344271975,2014.5,1029000000
432,332,0.0565572802487677,24.5388401464405,101.596132788938,24.5662192524323,101.616009937337,21.4086452811641,21.3520880009153,2014.36344271975,2014.42,1029000000
433,439,1.14226469756053,25.8080212497582,102.238076239015,25.7465727525617,102.202768552281,18.839666577343,17.6974018797825,2010.70875659862,2011.85102129618,1029000000
433,434,0.708999376837625,25.8080212497582,102.238076239015,25.8778717683544,102.178896041698,18.4064012566201,17.6974018797825,2010.70875659862,2011.41775597546,1029000000
434,435,0.504444384029794,25.8778717683544,102.178896041698,25.9631089542836,102.253943631038,18.9108456406499,18.4064012566201,2011.41775597546,2011.92220035949,1029000000
434,436,0.0813485223777759,25.8778717683544,102.178896041698,25.6494996378312,102.161119645092,18.4877497789979,18.4064012566201,2011.41775597546,2011.49910449783,1029000000
435,335,1.24779964051418,25.9631089542836,102.253943631038,25.8061222501757,101.776676175267,20.1586452811641,18.9108456406499,2011.92220035949,2013.17,1029000000
435,334,1.15779964051403,25.9631089542836,102.253943631038,24.3003158029722,100.850633765671,20.0686452811639,18.9108456406499,2011.92220035949,2013.08,1029000000
436,339,0.750895502166121,25.6494996378312,102.161119645092,25.7264875432196,102.156555961842,19.238645281164,18.4877497789979,2011.49910449783,2012.25,1029000000
436,437,2.01184863778601,25.6494996378312,102.161119645092,25.877815574377,102.22905561924,20.4995984167839,18.4877497789979,2011.49910449783,2013.51095313562,1029000000
437,438,0.226711468757088,25.877815574377,102.22905561924,25.7248682842128,102.205373710965,20.726309885541,20.4995984167839,2013.51095313562,2013.73766460438,1029000000
437,336,0.739046864380111,25.877815574377,102.22905561924,25.8214904452909,102.236198493799,21.238645281164,20.4995984167839,2013.51095313562,2014.25,1029000000
438,338,0.592335395622951,25.7248682842128,102.205373710965,25.759925857713,101.896057076047,21.3186452811639,20.726309885541,2013.73766460438,2014.33,1029000000
438,337,0.762335395623023,25.7248682842128,102.205373710965,25.7292567124033,102.193082680488,21.488645281164,20.726309885541,2013.73766460438,2014.5,1029000000
439,343,3.39897870382099,25.7465727525617,102.202768552281,27.004787,103.11815,22.238645281164,18.839666577343,2011.85102129618,2015.25,1029000000
439,440,0.0987961475846779,25.7465727525617,102.202768552281,25.7349086455509,102.215362326678,18.9384627249277,18.839666577343,2011.85102129618,2011.94981744376,1029000000
440,441,0.275395508545401,25.7349086455509,102.215362326678,25.737707882085,102.118380268297,19.2138582334731,18.9384627249277,2011.94981744376,2012.22521295231,1029000000
440,340,0.380182556236239,25.7349086455509,102.215362326678,25.7601082211549,102.249454983055,19.3186452811639,18.9384627249277,2011.94981744376,2012.33,1029000000
441,342,0.0247870476909107,25.737707882085,102.118380268297,25.7849471340701,102.172992984938,19.238645281164,19.2138582334731,2012.22521295231,2012.25,1029000000
441,341,0.194787047690983,25.737707882085,102.118380268297,25.7472238661041,102.116177612045,19.4086452811641,19.2138582334731,2012.22521295231,2012.42,1029000000
442,443,2.63121992168821,23.9060249051438,97.8074737189014,23.9946158177741,97.8658070101849,18.7342249070911,16.1030049854029,2009.11435970424,2011.74557962593,1029000000
442,444,4.56337963444243,23.9060249051438,97.8074737189014,24.0675842989261,97.8122983558632,20.6663846198453,16.1030049854029,2009.11435970424,2013.67773933868,1029000000
443,345,0.334420374072819,23.9946158177741,97.8658070101849,23.9384100951962,97.8658928286566,19.0686452811639,18.7342249070911,2011.74557962593,2012.08,1029000000
443,344,0.504420374072891,23.9946158177741,97.8658070101849,24.09654,98.059662,19.238645281164,18.7342249070911,2011.74557962593,2012.25,1029000000
444,348,2.07226066131867,24.0675842989261,97.8122983558632,24.1047962916331,97.8635296124505,22.738645281164,20.6663846198453,2013.67773933868,2015.75,1029000000
444,445,0.598903780596164,24.0675842989261,97.8122983558632,24.7707599426455,98.3703475857964,21.2652884004415,20.6663846198453,2013.67773933868,2014.27664311928,1029000000
445,346,0.303356880722433,24.7707599426455,98.3703475857964,24.786022506632,98.2499165603801,21.5686452811639,21.2652884004415,2014.27664311928,2014.58,1029000000
445,347,1.22335688072251,24.7707599426455,98.3703475857964,24.765138381395,98.3914254765395,22.488645281164,21.2652884004415,2014.27664311928,2015.5,1029000000
469,446,20.3784099374566,25.1744354996077,101.514990361647,24.868511,101.321,20.3784099374566,0,1993.20159006254,2013.58,1029000000
469,470,0.069169479633107,25.1744354996077,101.514990361647,25.1855283656237,101.491741421509,0.069169479633107,0,1993.20159006254,1993.27075954218,1029000000
470,489,18.8133107926151,25.1855283656237,101.491741421509,25.4030779007725,101.563363581194,18.8824802722482,0.069169479633107,1993.27075954218,2012.08407033479,1029000000
470,471,13.7200948259964,25.1855283656237,101.491741421509,25.1650198205565,101.570630836285,13.7892643056295,0.069169479633107,1993.27075954218,2006.99085436817,1029000000
471,481,2.45075230305714,25.1650198205565,101.570630836285,25.2638911975139,101.276292013337,16.2400166086866,13.7892643056295,2006.99085436817,2009.44160667123,1029000000
471,472,0.0923203449370273,25.1650198205565,101.570630836285,25.1793485677361,101.584517900495,13.8815846505665,13.7892643056295,2006.99085436817,2007.08317471311,1029000000
472,474,1.31317563921907,25.1793485677361,101.584517900495,25.2421745188741,101.565950716802,15.1947602897856,13.8815846505665,2007.08317471311,2008.39635035233,1029000000
472,473,7.32365378910199,25.1793485677361,101.584517900495,24.4712756509341,101.671037144322,21.2052384396685,13.8815846505665,2007.08317471311,2014.40682850221,1029000000
473,447,0.59317149778821,24.4712756509341,101.671037144322,24.4971164968421,101.680049612889,21.7984099374567,21.2052384396685,2014.40682850221,2015,1029000000
473,448,0.673171497788137,24.4712756509341,101.671037144322,24.5252432160127,101.680741006429,21.8784099374566,21.2052384396685,2014.40682850221,2015.08,1029000000
474,475,3.28766036681854,25.2421745188741,101.565950716802,25.7529903854337,101.906206274438,18.4824206566041,15.1947602897856,2008.39635035233,2011.68401071915,1029000000
474,476,0.386221303625936,25.2421745188741,101.565950716802,25.3545385311872,101.605938159645,15.5809815934115,15.1947602897856,2008.39635035233,2008.78257165595,1029000000
475,449,0.815989280852586,25.7529903854337,101.906206274438,25.8213630467581,101.85344262075,19.2984099374567,18.4824206566041,2011.68401071915,2012.5,1029000000
475,450,1.06598928085259,25.7529903854337,101.906206274438,25.7666264092587,101.891362193932,19.5484099374567,18.4824206566041,2011.68401071915,2012.75,1029000000
476,478,3.85000173971314,25.3545385311872,101.605938159645,25.3404661253693,101.588760880753,19.4309833331247,15.5809815934115,2008.78257165595,2012.63257339567,1029000000
476,477,0.0894088863151055,25.3545385311872,101.605938159645,25.3783103312601,101.609180163112,15.6703904797266,15.5809815934115,2008.78257165595,2008.87198054227,1029000000
477,451,4.45801945773001,25.3783103312601,101.609180163112,25.554392488707,101.237709555798,20.1284099374566,15.6703904797266,2008.87198054227,2013.33,1029000000
477,452,3.54801945773016,25.3783103312601,101.609180163112,25.183891,102.01944,19.2184099374568,15.6703904797266,2008.87198054227,2012.42,1029000000
478,453,2.03742660433212,25.3404661253693,101.588760880753,25.4375024413714,101.602248394084,21.4684099374568,19.4309833331247,2012.63257339567,2014.67,1029000000
478,479,0.839091343388267,25.3404661253693,101.588760880753,25.3658385052066,101.601770749282,20.2700746765129,19.4309833331247,2012.63257339567,2013.47166473906,1029000000
479,480,0.781799093950961,25.3658385052066,101.601770749282,25.4008165571899,101.563177378141,21.0518737704639,20.2700746765129,2013.47166473906,2014.25346383301,1029000000
479,456,0.948335260943856,25.3658385052066,101.601770749282,25.4375627842161,101.541646415811,21.2184099374568,20.2700746765129,2013.47166473906,2014.42,1029000000
480,454,0.166536166992895,25.4008165571899,101.563177378141,25.4034415984436,101.565639961026,21.2184099374568,21.0518737704639,2014.25346383301,2014.42,1029000000
480,455,0.496536166992822,25.4008165571899,101.563177378141,25.4125136411681,101.552034681247,21.5484099374567,21.0518737704639,2014.25346383301,2014.75,1029000000
481,482,2.41824670500243,25.2638911975139,101.276292013337,25.4563771497606,101.236799221647,18.6582633136891,16.2400166086866,2009.44160667123,2011.85985337623,1029000000
481,488,3.72830332388313,25.2638911975139,101.276292013337,25.0858460141764,101.013496610341,19.9683199325698,16.2400166086866,2009.44160667123,2013.16990999511,1029000000
482,483,1.10030259952019,25.4563771497606,101.236799221647,25.4731297767859,101.256004555726,19.7585659132092,18.6582633136891,2011.85985337623,2012.96015597575,1029000000
482,486,1.15652853288598,25.4563771497606,101.236799221647,25.4777360840202,101.216915191725,19.814791846575,18.6582633136891,2011.85985337623,2013.01638190912,1029000000
483,484,0.113160411660842,25.4731297767859,101.256004555726,25.5231482967866,101.263879085135,19.8717263248701,19.7585659132092,2012.96015597575,2013.07331638741,1029000000
483,457,1.95984402424754,25.4731297767859,101.256004555726,25.4935234594971,101.252199961481,21.7184099374568,19.7585659132092,2012.96015597575,2014.92,1029000000
484,485,1.09210696833521,25.5231482967866,101.263879085135,25.4859657094926,101.190992487998,20.9638332932053,19.8717263248701,2013.07331638741,2014.16542335575,1029000000
484,458,1.8466836125867,25.5231482967866,101.263879085135,25.3515731316094,101.623651897282,21.7184099374568,19.8717263248701,2013.07331638741,2014.92,1029000000
485,460,0.754576644251493,25.4859657094926,101.190992487998,25.529617442057,101.213880771403,21.7184099374568,20.9638332932053,2014.16542335575,2014.92,1029000000
485,459,1.00457664425149,25.4859657094926,101.190992487998,25.5278593912557,101.172249933764,21.9684099374568,20.9638332932053,2014.16542335575,2015.17,1029000000
486,461,0.153618090881759,25.4777360840202,101.216915191725,25.5066770338409,101.174722494489,19.9684099374568,19.814791846575,2013.01638190912,2013.17,1029000000
486,487,0.890052607444133,25.4777360840202,101.216915191725,25.4824724181276,101.234825791267,20.7048444540192,19.814791846575,2013.01638190912,2013.90643451656,1029000000
487,463,0.763565483437626,25.4824724181276,101.234825791267,25.5242725292208,101.258091376773,21.4684099374568,20.7048444540192,2013.90643451656,2014.67,1029000000
487,462,1.09356548343755,25.4824724181276,101.234825791267,25.5090855529446,101.233627112253,21.7984099374567,20.7048444540192,2013.90643451656,2015,1029000000
488,464,0.330090004886963,25.0858460141764,101.013496610341,25.0746913817967,101.067143781052,20.2984099374567,19.9683199325698,2013.16990999511,2013.5,1029000000
488,465,0.250090004887036,25.0858460141764,101.013496610341,25.0454413929463,101.049069503069,20.2184099374568,19.9683199325698,2013.16990999511,2013.42,1029000000
489,468,1.24592966520842,25.4030779007725,101.563363581194,25.3877584127083,101.607302822143,20.1284099374566,18.8824802722482,2012.08407033479,2013.33,1029000000
489,490,0.625208015195408,25.4030779007725,101.563363581194,25.4064604167442,101.581780959523,19.5076882874436,18.8824802722482,2012.08407033479,2012.70927834999,1029000000
490,467,2.29072165001309,25.4064604167442,101.581780959523,25.408298348019,101.586137049367,21.7984099374567,19.5076882874436,2012.70927834999,2015,1029000000
490,466,0.620721650013015,25.4064604167442,101.581780959523,25.4095051048366,101.551477287355,20.1284099374566,19.5076882874436,2012.70927834999,2013.33,1029000000
