node1,node2,length,startLat,startLon,endLat,endLon,endNodeL,startNodeL,startYear,endYear,treeID
301,302,0.0535361763100006,40.770556272835,-74.0256706754649,40.8671050552171,-74.0354519455134,0.0535361763100006,0,1998.98433004537,1999.03786622168,3490000
301,581,0.0517994292200008,40.770556272835,-74.0256706754649,40.8589120056613,-74.6611277257551,0.0517994292200008,0,1998.98433004537,1999.03612947459,3490000
302,304,1.261418094,40.8671050552171,-74.0354519455134,40.7697226797292,-77.284679090486,1.31495427031,0.0535361763100006,1999.03786622168,2000.29928431568,3490000
302,303,0.362789643100001,40.8671050552171,-74.0354519455134,41.0069226710032,-74.2753475483547,0.416325819410002,0.0535361763100006,1999.03786622168,1999.40065586478,3490000
303,1,2.477944135,41.0069226710032,-74.2753475483547,40.8927,-74.2025,2.89426995441,0.416325819410002,1999.40065586478,2001.87859999978,3490000
303,2,4.405744135,41.0069226710032,-74.2753475483547,41.1415,-73.6391,4.82206995441,0.416325819410002,1999.40065586478,2003.80639999978,3490000
304,314,0.819038078199998,40.7697226797292,-77.284679090486,41.6749999521178,-76.8170174717519,2.13399234851,1.31495427031,2000.29928431568,2001.11832239388,3490000
304,305,0.8461255488,40.7697226797292,-77.284679090486,40.0214207481943,-78.6472693310875,2.16107981911,1.31495427031,2000.29928431568,2001.14540986448,3490000
305,3,1.803490135,40.0214207481943,-78.6472693310875,33.1073,-88.3778,3.96456995411,2.16107981911,2001.14540986448,2002.94889999948,3490000
305,306,0.0887987809500004,40.0214207481943,-78.6472693310875,39.3648247253699,-79.923451379281,2.24987860006,2.16107981911,2001.14540986448,2001.23420864543,3490000
306,312,0.841344540999998,39.3648247253699,-79.923451379281,40.3265645817816,-78.1410928184218,3.09122314106,2.24987860006,2001.23420864543,2002.07555318643,3490000
306,307,0.792166401399999,39.3648247253699,-79.923451379281,37.402226737895,-87.4672920475127,3.04204500146,2.24987860006,2001.23420864543,2002.02637504683,3490000
307,308,0.1297188996,37.402226737895,-87.4672920475127,37.2743622354047,-87.2118969049679,3.17176390106,3.04204500146,2002.02637504683,2002.15609394643,3490000
307,310,0.0696522788199996,37.402226737895,-87.4672920475127,37.2455705357978,-88.0579128529887,3.11169728028,3.04204500146,2002.02637504683,2002.09602732565,3490000
308,4,2.702406053,37.2743622354047,-87.2118969049679,40.1088,-96.4716,5.87416995406,3.17176390106,2002.15609394643,2004.85849999943,3490000
308,309,0.00146810221199978,37.2743622354047,-87.2118969049679,37.2033452620377,-87.0594277069984,3.173232003272,3.17176390106,2002.15609394643,2002.15756204864,3490000
309,5,0.805037950499999,37.2033452620377,-87.0594277069984,36.5465,-94.9091,3.978269953772,3.173232003272,2002.15756204864,2002.96259999914,3490000
309,6,0.884437950499999,37.2033452620377,-87.0594277069984,33.2572,-87.9314,4.057669953772,3.173232003272,2002.15756204864,2003.04199999914,3490000
310,7,0.817272673500002,37.2455705357978,-88.0579128529887,36.4098,-95.9363,3.92896995378,3.11169728028,2002.09602732565,2002.91329999915,3490000
310,311,0.220995034300001,37.2455705357978,-88.0579128529887,37.2051445244804,-88.2241284049611,3.33269231458,3.11169728028,2002.09602732565,2002.31702235995,3490000
311,8,0.692177639199999,37.2051445244804,-88.2241284049611,32.4832,-87.4636,4.02486995378,3.33269231458,2002.31702235995,2003.00919999915,3490000
311,9,0.629077639199998,37.2051445244804,-88.2241284049611,37.2511,-88.6074,3.96176995378,3.33269231458,2002.31702235995,2002.94609999915,3490000
312,12,0.854146812700002,40.3265645817816,-78.1410928184218,41.0534,-79.9306,3.94536995376,3.09122314106,2002.07555318643,2002.92969999913,3490000
312,313,0.0300903177500018,40.3265645817816,-78.1410928184218,40.2379943425024,-78.2073588271787,3.12131345881,3.09122314106,2002.07555318643,2002.10564350418,3490000
313,11,1.804856495,40.2379943425024,-78.2073588271787,39.5928,-79.4346,4.92616995381,3.12131345881,2002.10564350418,2003.91049999918,3490000
313,10,0.854156494999998,40.2379943425024,-78.2073588271787,42.4474,-78.3082,3.97546995381,3.12131345881,2002.10564350418,2002.95979999918,3490000
314,315,0.158430102300001,41.6749999521178,-76.8170174717519,42.2933951944023,-72.4664093741039,2.29242245081,2.13399234851,2001.11832239388,2001.27675249618,3490000
314,334,0.161843566000002,41.6749999521178,-76.8170174717519,41.3837569299521,-76.4051975542343,2.29583591451,2.13399234851,2001.11832239388,2001.28016595988,3490000
315,333,0.663267726200001,42.2933951944023,-72.4664093741039,42.3573068687475,-72.1183241537763,2.95569017701,2.29242245081,2001.27675249618,2001.94002022238,3490000
315,316,0.4080247803,42.2933951944023,-72.4664093741039,42.0412133626062,-73.2920328641721,2.70044723111,2.29242245081,2001.27675249618,2001.68477727648,3490000
316,332,0.4179128217,42.0412133626062,-73.2920328641721,40.7744075716336,-75.1147504625794,3.11836005281,2.70044723111,2001.68477727648,2002.10269009818,3490000
316,317,0.3565408261,42.0412133626062,-73.2920328641721,41.2820761452588,-74.020275932143,3.05698805721,2.70044723111,2001.68477727648,2002.04131810258,3490000
317,318,0.165265567900001,41.2820761452588,-74.020275932143,41.3591018862182,-73.6427032592222,3.22225362511,3.05698805721,2002.04131810258,2002.20658367048,3490000
317,329,0.0311625912600011,41.2820761452588,-74.020275932143,41.3210731552615,-74.1404863494683,3.08815064847,3.05698805721,2002.04131810258,2002.07248069384,3490000
318,327,0.0880307390899997,41.3591018862182,-73.6427032592222,40.9801952316578,-73.3302184076214,3.3102843642,3.22225362511,2002.20658367048,2002.29461440957,3490000
318,319,0.0680313234700005,41.3591018862182,-73.6427032592222,41.2117244434783,-74.9616898217539,3.29028494858,3.22225362511,2002.20658367048,2002.27461499395,3490000
319,320,1.060757822,41.2117244434783,-74.9616898217539,41.1020741719649,-74.6130132630777,4.35104277058,3.29028494858,2002.27461499395,2003.33537281595,3490000
319,21,2.586585005,41.2117244434783,-74.9616898217539,41.4997,-74.1851,5.87686995358,3.29028494858,2002.27461499395,2004.86119999895,3490000
320,13,1.619027183,41.1020741719649,-74.6130132630777,41.598,-74.9204,5.97006995358,4.35104277058,2003.33537281595,2004.95439999895,3490000
320,321,0.886771184700001,41.1020741719649,-74.6130132630777,40.8707068376141,-76.1337930994377,5.23781395528,4.35104277058,2003.33537281595,2004.22214400065,3490000
321,14,1.691955998,40.8707068376141,-76.1337930994377,41.1258,-75.6886,6.92976995328,5.23781395528,2004.22214400065,2005.91409999865,3490000
321,322,0.0311837269400002,40.8707068376141,-76.1337930994377,41.0070306840019,-75.7364474462292,5.26899768222,5.23781395528,2004.22214400065,2004.25332772759,3490000
322,323,1.063824732,41.0070306840019,-75.7364474462292,41.0355551158278,-74.1898591741062,6.33282241422,5.26899768222,2004.25332772759,2005.31715245959,3490000
322,324,0.873944442899999,41.0070306840019,-75.7364474462292,41.2485796080126,-75.8861050487375,6.14294212512,5.26899768222,2004.25332772759,2005.12727217049,3490000
323,16,0.5832475396,41.0355551158278,-74.1898591741062,39.4541,-75.7483,6.91606995382,6.33282241422,2005.31715245959,2005.90039999919,3490000
323,15,3.49474754,41.0355551158278,-74.1898591741062,41.4205,-75.2298,9.82756995422,6.33282241422,2005.31715245959,2008.81189999959,3490000
324,20,2.791427828,41.2485796080126,-75.8861050487375,40.9057,-76.7024,8.93436995312,6.14294212512,2005.12727217049,2007.91869999849,3490000
324,325,1.179205287,41.2485796080126,-75.8861050487375,40.1427737343614,-74.9388207680485,7.32214741212,6.14294212512,2005.12727217049,2006.30647745749,3490000
325,19,0.4725225411,40.1427737343614,-74.9388207680485,40.3591,-74.2773,7.79466995322,7.32214741212,2006.30647745749,2006.77899999859,3490000
325,326,0.0210832618999994,40.1427737343614,-74.9388207680485,40.7221998427272,-73.9063458229998,7.34323067402,7.32214741212,2006.30647745749,2006.32756071939,3490000
326,18,0.626839279200002,40.7221998427272,-73.9063458229998,41.6843,-75.1554,7.97006995322,7.34323067402,2006.32756071939,2006.95439999859,3490000
326,17,0.5911392792,40.7221998427272,-73.9063458229998,40.3696,-74.1694,7.93436995322,7.34323067402,2006.32756071939,2006.91869999859,3490000
327,22,1.54738559,40.9801952316578,-73.3302184076214,41.0876,-73.7891,4.8576699542,3.3102843642,2002.29461440957,2003.84199999957,3490000
327,328,0.00359847639299993,40.9801952316578,-73.3302184076214,41.1988628254075,-73.7295542591532,3.313882840593,3.3102843642,2002.29461440957,2002.29821288596,3490000
328,24,3.517487113,41.1988628254075,-73.7295542591532,41.0105,-74.4103,6.831369953593,3.313882840593,2002.29821288596,2005.81569999896,3490000
328,23,1.532887113,41.1988628254075,-73.7295542591532,41.2222,-73.7332,4.846769953593,3.313882840593,2002.29821288596,2003.83109999896,3490000
329,330,0.142798878699999,41.3210731552615,-74.1404863494683,41.2160880996721,-74.1248958679143,3.23094952717,3.08815064847,2002.07248069384,2002.21527957254,3490000
329,28,1.829819305,41.3210731552615,-74.1404863494683,36.3839,-90.5618,4.91796995347,3.08815064847,2002.07248069384,2003.90229999884,3490000
330,27,2.610320427,41.2160880996721,-74.1248958679143,43.3672,-73.3334,5.84126995417,3.23094952717,2002.21527957254,2004.82559999954,3490000
330,331,0.656462121700001,41.2160880996721,-74.1248958679143,39.9667732054114,-74.5272327619942,3.88741164887,3.23094952717,2002.21527957254,2002.87174169424,3490000
331,26,0.9976583049,39.9667732054114,-74.5272327619942,46.5873,-90.6804,4.88506995377,3.88741164887,2002.87174169424,2003.86939999914,3490000
331,25,1.055258305,39.9667732054114,-74.5272327619942,40.9103,-75.3991,4.94266995387,3.88741164887,2002.87174169424,2003.92699999924,3490000
332,30,5.824309901,40.7744075716336,-75.1147504625794,41.2881,-75.876,8.94266995381,3.11836005281,2002.10269009818,2007.92699999918,3490000
332,29,6.783209901,40.7744075716336,-75.1147504625794,40.6614,-74.3577,9.90156995381,3.11836005281,2002.10269009818,2008.88589999918,3490000
333,32,4.973279777,42.3573068687475,-72.1183241537763,41.2901,-73.7601,7.92896995401,2.95569017701,2001.94002022238,2006.91329999938,3490000
333,31,2.008879777,42.3573068687475,-72.1183241537763,41.8783,-71.9372,4.96456995401,2.95569017701,2001.94002022238,2003.94889999938,3490000
334,560,0.0885238816599987,41.3837569299521,-76.4051975542343,41.5668374920675,-77.7246226840576,2.38435979617,2.29583591451,2001.28016595988,2001.36868984154,3490000
334,335,0.0525912321299984,41.3837569299521,-76.4051975542343,41.6312507401471,-77.2612900756391,2.34842714664,2.29583591451,2001.28016595988,2001.33275719201,3490000
335,472,0.178226914200001,41.6312507401471,-77.2612900756391,41.0237094434635,-77.2499125933135,2.52665406084,2.34842714664,2001.33275719201,2001.51098410621,3490000
335,336,0.402690644500002,41.6312507401471,-77.2612900756391,40.876740054516,-75.5723368359931,2.75111779114,2.34842714664,2001.33275719201,2001.73544783651,3490000
336,337,0.272220277199999,40.876740054516,-75.5723368359931,40.5306978302158,-76.4883291301808,3.02333806834,2.75111779114,2001.73544783651,2002.00766811371,3490000
336,390,0.314549695,40.876740054516,-75.5723368359931,40.8537652544059,-75.5791177087139,3.06566748614,2.75111779114,2001.73544783651,2002.04999753151,3490000
337,338,0.0295883967600012,40.5306978302158,-76.4883291301808,40.7464549948756,-76.6445295647918,3.0529264651,3.02333806834,2002.00766811371,2002.03725651047,3490000
337,368,0.0106647728499993,40.5306978302158,-76.4883291301808,40.5355816723297,-76.3009158915994,3.03400284119,3.02333806834,2002.00766811371,2002.01833288656,3490000
338,342,0.027024182369999,40.7464549948756,-76.6445295647918,41.0578344670331,-76.378679254792,3.07995064747,3.0529264651,2002.03725651047,2002.06428069284,3490000
338,339,0.07827093641,40.7464549948756,-76.6445295647918,40.331359719968,-76.0216385803871,3.13119740151,3.0529264651,2002.03725651047,2002.11552744688,3490000
339,33,2.668972552,40.331359719968,-76.0216385803871,40.5686,-75.9875,5.80016995351,3.13119740151,2002.11552744688,2004.78449999888,3490000
339,340,0.0633188713999999,40.331359719968,-76.0216385803871,40.1831955003087,-76.2940215991298,3.19451627291,3.13119740151,2002.11552744688,2002.17884631828,3490000
340,341,0.127025308499999,40.1831955003087,-76.2940215991298,41.1236846373303,-76.1139826433096,3.32154158141,3.19451627291,2002.17884631828,2002.30587162678,3490000
340,34,1.789253681,40.1831955003087,-76.2940215991298,39.6545,-75.7896,4.98376995391,3.19451627291,2002.17884631828,2003.96809999928,3490000
341,36,1.621128372,41.1236846373303,-76.1139826433096,41.2736,-75.2025,4.94266995341,3.32154158141,2002.30587162678,2003.92699999878,3490000
341,35,8.530728372,41.1236846373303,-76.1139826433096,38.8052,-78.3504,11.85226995341,3.32154158141,2002.30587162678,2010.83659999878,3490000
342,366,0.2480173308,41.0578344670331,-76.378679254792,41.0250148760664,-76.9521588904127,3.32796797827,3.07995064747,2002.06428069284,2002.31229802364,3490000
342,343,0.0146827634999998,41.0578344670331,-76.378679254792,41.1122231241072,-76.3244003620317,3.09463341097,3.07995064747,2002.06428069284,2002.07896345634,3490000
343,344,0.1189964621,41.1122231241072,-76.3244003620317,41.1527374096919,-75.4860002904999,3.21362987307,3.09463341097,2002.07896345634,2002.19795991844,3490000
343,352,0.0159224902700004,41.1122231241072,-76.3244003620317,39.9569472102281,-76.6771962610381,3.11055590124,3.09463341097,2002.07896345634,2002.09488594661,3490000
344,345,0.00666357066699952,41.1527374096919,-75.4860002904999,41.5255996287691,-76.3825511219662,3.220293443737,3.21362987307,2002.19795991844,2002.20462348911,3490000
344,350,0.0990784718500013,41.1527374096919,-75.4860002904999,40.4875758797846,-77.1281231830577,3.31270834492,3.21362987307,2002.19795991844,2002.29703839029,3490000
345,42,1.65387651,41.5255996287691,-76.3825511219662,42.4515,-71.2143,4.874169953737,3.220293443737,2002.20462348911,2003.85849999911,3490000
345,346,4.245722293,41.5255996287691,-76.3825511219662,40.4109137242048,-75.7738115470884,7.466015736737,3.220293443737,2002.20462348911,2006.45034578211,3490000
346,37,1.331454217,40.4109137242048,-75.7738115470884,40.4412,-75.7058,8.797469953737,7.466015736737,2006.45034578211,2007.78179999911,3490000
346,347,0.716689505300002,40.4109137242048,-75.7738115470884,40.5019172473904,-75.6198195599065,8.182705242037,7.466015736737,2006.45034578211,2007.16703528741,3490000
347,38,1.590064711,40.5019172473904,-75.6198195599065,39.595,-75.3758,9.772769953037,8.182705242037,2007.16703528741,2008.75709999841,3490000
347,348,0.323293111,40.5019172473904,-75.6198195599065,41.2246474442174,-77.4525825696582,8.505998353037,8.182705242037,2007.16703528741,2007.49032839841,3490000
348,349,0.255029799800001,41.2246474442174,-77.4525825696582,39.2154283467273,-78.4414498046525,8.761028152837,8.505998353037,2007.49032839841,2007.74535819821,3490000
348,39,0.4064716003,41.2246474442174,-77.4525825696582,40.7917,-76.6704,8.912469953337,8.505998353037,2007.49032839841,2007.89679999871,3490000
349,41,0.1487418004,39.2154283467273,-78.4414498046525,39.4828,-81.9346,8.909769953237,8.761028152837,2007.74535819821,2007.89409999861,3490000
349,40,0.1295418004,39.2154283467273,-78.4414498046525,40.2874,-75.1808,8.890569953237,8.761028152837,2007.74535819821,2007.87489999861,3490000
350,43,0.6326616089,40.4875758797846,-77.1281231830577,43.3157,-102.8715,3.94536995382,3.31270834492,2002.29703839029,2002.92969999919,3490000
350,351,0.500707583699999,40.4875758797846,-77.1281231830577,40.7381049220488,-77.1571268210346,3.81341592862,3.31270834492,2002.29703839029,2002.79774597399,3490000
351,44,0.186754025100001,40.7381049220488,-77.1571268210346,36.5323,-78.0224,4.00016995372,3.81341592862,2002.79774597399,2002.98449999909,3490000
351,45,1.008654025,40.7381049220488,-77.1571268210346,39.7532,-75.5115,4.82206995362,3.81341592862,2002.79774597399,2003.80639999899,3490000
352,358,0.0562912223499996,39.9569472102281,-76.6771962610381,39.705495274885,-75.5599569746615,3.16684712359,3.11055590124,2002.09488594661,2002.15117716896,3490000
352,353,0.0674491309900009,39.9569472102281,-76.6771962610381,39.4274507412951,-75.9306575799277,3.17800503223,3.11055590124,2002.09488594661,2002.1623350776,3490000
353,354,1.783122906,39.4274507412951,-75.9306575799277,39.4844660946704,-76.1973152201275,4.96112793823,3.17800503223,2002.1623350776,2003.9454579836,3490000
353,357,0.909370955099998,39.4274507412951,-75.9306575799277,40.104979261151,-78.1053566956505,4.08737598733,3.17800503223,2002.1623350776,2003.0717060327,3490000
354,355,0.00516480249499907,39.4844660946704,-76.1973152201275,39.6502544743856,-76.3379854185357,4.966292740725,4.96112793823,2003.9454579836,2003.9506227861,3490000
354,49,0.8774420157,39.4844660946704,-76.1973152201275,39.665,-75.9725,5.83856995393,4.96112793823,2003.9454579836,2004.8228999993,3490000
355,356,1.352996279,39.6502544743856,-76.3379854185357,39.1884135130103,-75.4789109708632,6.319289019725,4.966292740725,2003.9506227861,2005.3036190651,3490000
355,48,1.977077213,39.6502544743856,-76.3379854185357,39.7917,-75.5798,6.943369953725,4.966292740725,2003.9506227861,2005.9276999991,3490000
356,46,0.435580933799999,39.1884135130103,-75.4789109708632,39.435,-75.908,6.754869953525,6.319289019725,2005.3036190651,2005.7391999989,3490000
356,47,0.495680933800001,39.1884135130103,-75.4789109708632,39.398,-76.3557,6.814969953525,6.319289019725,2005.3036190651,2005.7992999989,3490000
357,50,3.822393966,40.104979261151,-78.1053566956505,40.4715,-74.3354,7.90976995333,4.08737598733,2003.0717060327,2006.8940999987,3490000
357,51,2.140193966,40.104979261151,-78.1053566956505,39.9291,-88.1872,6.22756995333,4.08737598733,2003.0717060327,2005.2118999987,3490000
358,359,0.111546282800001,39.705495274885,-75.5599569746615,39.5904624616405,-75.6967760881266,3.27839340639,3.16684712359,2002.15117716896,2002.26272345176,3490000
358,60,1.79772283,39.705495274885,-75.5599569746615,33.0642,-84.4811,4.96456995359,3.16684712359,2002.15117716896,2003.94889999896,3490000
359,361,0.2331344809,39.5904624616405,-75.6967760881266,39.3495298047531,-75.6994306499617,3.51152788729,3.27839340639,2002.26272345176,2002.49585793266,3490000
359,360,0.1733653378,39.5904624616405,-75.6967760881266,39.456844754695,-75.9110474618474,3.45175874419,3.27839340639,2002.26272345176,2002.43608878956,3490000
360,53,1.47441121,39.456844754695,-75.9110474618474,39.9342,-74.9846,4.92616995419,3.45175874419,2002.43608878956,2003.91049999956,3490000
360,52,3.30861121,39.456844754695,-75.9110474618474,40.5698,-76.3234,6.76036995419,3.45175874419,2002.43608878956,2005.74469999956,3490000
361,362,2.769586868,39.3495298047531,-75.6994306499617,39.9184215393202,-75.9272953777027,6.28111475529,3.51152788729,2002.49585793266,2005.26544480066,3490000
361,54,2.466742067,39.3495298047531,-75.6994306499617,38.3078,-78.6798,5.97826995429,3.51152788729,2002.49585793266,2004.96259999966,3490000
362,55,0.637755198900001,39.9184215393202,-75.9272953777027,40.664,-75.154,6.91886995419,6.28111475529,2005.26544480066,2005.90319999956,3490000
362,363,0.9926408223,39.9184215393202,-75.9272953777027,40.3374943552125,-74.8043832156274,7.27375557759,6.28111475529,2005.26544480066,2006.25808562296,3490000
363,364,0.010442736309999,40.3374943552125,-74.8043832156274,40.7785885407485,-74.9704529821018,7.2841983139,7.27375557759,2006.25808562296,2006.26852835927,3490000
363,59,0.718214376699999,40.3374943552125,-74.8043832156274,40.7271,-75.3463,7.99196995429,7.27375557759,2006.25808562296,2006.97629999966,3490000
364,365,0.0178222603200009,40.7785885407485,-74.9704529821018,40.9547389994654,-74.0916172096889,7.30202057422,7.2841983139,2006.26852835927,2006.28635061959,3490000
364,58,0.5241716404,40.7785885407485,-74.9704529821018,40.6667,-74.9916,7.8083699543,7.2841983139,2006.26852835927,2006.79269999967,3490000
365,57,0.60774938,40.9547389994654,-74.0916172096889,40.6324,-75.1608,7.90976995422,7.30202057422,2006.28635061959,2006.89409999959,3490000
365,56,0.54744938,40.9547389994654,-74.0916172096889,40.6936,-75.2772,7.84946995422,7.30202057422,2006.28635061959,2006.83379999959,3490000
366,63,0.8996019755,41.0250148760664,-76.9521588904127,31.7538,-87.7556,4.22756995377,3.32796797827,2002.31229802364,2003.21189999914,3490000
366,367,0.795568297399999,41.0250148760664,-76.9521588904127,40.4039478038723,-75.6870287949912,4.12353627567,3.32796797827,2002.31229802364,2003.10786632104,3490000
367,62,3.791733678,40.4039478038723,-75.6870287949912,40.3382,-76.2041,7.91526995367,4.12353627567,2003.10786632104,2006.89959999904,3490000
367,61,0.1040336782,40.4039478038723,-75.6870287949912,39.8608,-76.0293,4.22756995387,4.12353627567,2003.10786632104,2003.21189999924,3490000
368,373,0.00427459955400167,40.5355816723297,-76.3009158915994,40.6089022889965,-76.2238706017788,3.038277440744,3.03400284119,2002.01833288656,2002.02260748611,3490000
368,369,0.0483207920700011,40.5355816723297,-76.3009158915994,40.6584478118377,-76.4178829291603,3.08232363326,3.03400284119,2002.01833288656,2002.06665367863,3490000
369,370,0.0305094702800002,40.6584478118377,-76.4178829291603,40.6699738837567,-76.420584938735,3.11283310354,3.08232363326,2002.06665367863,2002.09716314891,3490000
369,64,1.85754632,40.6584478118377,-76.4178829291603,32.2294,-82.2564,4.93986995326,3.08232363326,2002.06665367863,2003.92419999863,3490000
370,68,1.71743685,40.6699738837567,-76.420584938735,39.454,-78.1691,4.83026995354,3.11283310354,2002.09716314891,2003.81459999891,3490000
370,371,0.161106867100001,40.6699738837567,-76.420584938735,40.3796024372424,-76.6974462900777,3.27393997064,3.11283310354,2002.09716314891,2002.25827001601,3490000
371,372,0.9051479883,40.3796024372424,-76.6974462900777,40.2368523405623,-76.963270460728,4.17908795894,3.27393997064,2002.25827001601,2003.16341800431,3490000
371,65,1.594729983,40.3796024372424,-76.6974462900777,39.4937,-81.0256,4.86866995364,3.27393997064,2002.25827001601,2003.85299999901,3490000
372,66,0.7662819948,40.2368523405623,-76.963270460728,43.6122,-73.9288,4.94536995374,4.17908795894,2003.16341800431,2003.92969999911,3490000
372,67,1.681381995,40.2368523405623,-76.963270460728,40.3487,-76.6244,5.86046995394,4.17908795894,2003.16341800431,2004.84479999931,3490000
373,375,0.0613708266199993,40.6089022889965,-76.2238706017788,40.7114490953426,-75.9779767771281,3.099648267364,3.038277440744,2002.02260748611,2002.08397831273,3490000
373,374,0.0869842553699982,40.6089022889965,-76.2238706017788,40.599468988409,-76.0802978398666,3.125261696114,3.038277440744,2002.02260748611,2002.10959174148,3490000
374,70,2.866708258,40.599468988409,-76.0802978398666,41.2229,-74.934,5.991969954114,3.125261696114,2002.10959174148,2004.97629999948,3490000
374,69,1.836508258,40.599468988409,-76.0802978398666,40.6578,-75.5378,4.961769954114,3.125261696114,2002.10959174148,2003.94609999948,3490000
375,376,0.0844913755400007,40.7114490953426,-75.9779767771281,40.7425189362135,-75.7144067588445,3.184139642904,3.099648267364,2002.08397831273,2002.16846968827,3490000
375,382,0.1211540946,40.7114490953426,-75.9779767771281,40.6022345112229,-75.8277869929202,3.220802361964,3.099648267364,2002.08397831273,2002.20513240733,3490000
376,377,0.1916189413,40.7425189362135,-75.7144067588445,40.7810509255175,-75.8818868319034,3.375758584204,3.184139642904,2002.16846968827,2002.36008862957,3490000
376,71,1.043430311,40.7425189362135,-75.7144067588445,39.3284,-74.8334,4.227569953904,3.184139642904,2002.16846968827,2003.21189999927,3490000
377,378,1.024655286,40.7810509255175,-75.8818868319034,39.6777924345744,-76.7005768959728,4.400413870204,3.375758584204,2002.36008862957,2003.38474391557,3490000
377,380,1.631334937,40.7810509255175,-75.8818868319034,40.601230361579,-79.5229521658096,5.007093521204,3.375758584204,2002.36008862957,2003.99142356657,3490000
378,72,9.470956084,39.6777924345744,-76.7005768959728,44.1125,-69.7157,13.871369954204,4.400413870204,2003.38474391557,2012.85569999957,3490000
378,379,0.00149844869400084,39.6777924345744,-76.7005768959728,39.6956210058569,-76.4782568415133,4.401912318898,4.400413870204,2003.38474391557,2003.38624236427,3490000
379,73,1.570857635,39.6956210058569,-76.4782568415133,32.8958,-90.0673,5.972769953898,4.401912318898,2003.38624236427,2004.95709999927,3490000
379,74,1.381857635,39.6956210058569,-76.4782568415133,33.7686,-84.7499,5.783769953898,4.401912318898,2003.38624236427,2004.76809999927,3490000
380,381,4.871714167,40.601230361579,-79.5229521658096,43.618446849592,-76.8027755278129,9.878807688204,5.007093521204,2003.99142356657,2008.86313773357,3490000
380,77,6.872576433,40.601230361579,-79.5229521658096,37.3956,-78.2112,11.879669954204,5.007093521204,2003.99142356657,2010.86399999957,3490000
381,76,3.011762265,43.618446849592,-76.8027755278129,43.2184,-73.1872,12.890569953204,9.878807688204,2008.86313773357,2011.87489999857,3490000
381,75,2.017262265,43.618446849592,-76.8027755278129,43.861,-72.6522,11.896069953204,9.878807688204,2008.86313773357,2010.88039999857,3490000
382,78,3.594167592,40.6022345112229,-75.8277869929202,35.6842,-77.0573,6.814969953964,3.220802361964,2002.20513240733,2005.79929999933,3490000
382,383,0.0432434171900002,40.6022345112229,-75.8277869929202,40.6415447936592,-75.5924132646523,3.264045779154,3.220802361964,2002.20513240733,2002.24837582452,3490000
383,389,0.031832112970001,40.6415447936592,-75.5924132646523,40.3030336256352,-75.0383611322939,3.295877892124,3.264045779154,2002.24837582452,2002.28020793749,3490000
383,384,0.0885224426000004,40.6415447936592,-75.5924132646523,40.7576909066226,-76.1810798221743,3.352568221754,3.264045779154,2002.24837582452,2002.33689826712,3490000
384,84,3.347701732,40.7576909066226,-76.1810798221743,31.8793,-84.9116,6.700269953754,3.352568221754,2002.33689826712,2005.68459999912,3490000
384,385,0.778901066,40.7576909066226,-76.1810798221743,40.6401737490911,-75.7670486004081,4.131469287754,3.352568221754,2002.33689826712,2003.11579933312,3490000
385,387,0.0981920158699996,40.6401737490911,-75.7670486004081,40.1824196884537,-75.9674565811936,4.229661303624,4.131469287754,2003.11579933312,2003.21399134899,3490000
385,386,0.5536230226,40.6401737490911,-75.7670486004081,40.38024742166,-74.7137157209257,4.685092310354,4.131469287754,2003.11579933312,2003.66942235572,3490000
386,79,1.252077643,40.38024742166,-74.7137157209257,40.9083,-74.1196,5.937169953354,4.685092310354,2003.66942235572,2004.92149999872,3490000
386,80,3.180877643,40.38024742166,-74.7137157209257,41.471,-74.8,7.865969953354,4.685092310354,2003.66942235572,2006.85029999872,3490000
387,388,0.7450341218,40.1824196884537,-75.9674565811936,40.9948625420916,-76.0893357929911,4.974695425424,4.229661303624,2003.21399134899,2003.95902547079,3490000
387,81,0.997908650100001,40.1824196884537,-75.9674565811936,29.9068,-102.9744,5.227569953724,4.229661303624,2003.21399134899,2004.21189999909,3490000
388,83,0.885774528300001,40.9948625420916,-76.0893357929911,41.2968,-74.6365,5.860469953724,4.974695425424,2003.95902547079,2004.84479999909,3490000
388,82,3.965174528,40.9948625420916,-76.0893357929911,41.2398,-75.4248,8.939869953424,4.974695425424,2003.95902547079,2007.92419999879,3490000
389,85,0.685092061699999,40.3030336256352,-75.0383611322939,32.0257,-82.4412,3.980969953824,3.295877892124,2002.28020793749,2002.96529999919,3490000
389,86,1.685092062,40.3030336256352,-75.0383611322939,41.4886,-76.1439,4.980969954124,3.295877892124,2002.28020793749,2003.96529999949,3490000
390,460,0.184478588599999,40.8537652544059,-75.5791177087139,40.4914083127416,-76.173681150973,3.25014607474,3.06566748614,2002.04999753151,2002.23447612011,3490000
390,391,0.0227773501099993,40.8537652544059,-75.5791177087139,40.8874922273187,-75.1702898619381,3.08844483625,3.06566748614,2002.04999753151,2002.07277488162,3490000
391,392,0.0472220263400001,40.8874922273187,-75.1702898619381,40.4028770734953,-75.2441769529185,3.13566686259,3.08844483625,2002.07277488162,2002.11999690796,3490000
391,435,0.00920626849599948,40.8874922273187,-75.1702898619381,40.7249039008743,-75.157729433909,3.097651104746,3.08844483625,2002.07277488162,2002.08198115012,3490000
392,434,0.1820828885,40.4028770734953,-75.2441769529185,40.3208198516852,-77.0192808423587,3.31774975109,3.13566686259,2002.11999690796,2002.30207979646,3490000
392,393,0.111336423299999,40.4028770734953,-75.2441769529185,40.5415894425699,-75.5976019687331,3.24700328589,3.13566686259,2002.11999690796,2002.23133333126,3490000
393,87,0.9805666679,40.5415894425699,-75.5976019687331,40.9057,-74.3474,4.22756995379,3.24700328589,2002.23133333126,2003.21189999916,3490000
393,394,0.05028253439,40.5415894425699,-75.5976019687331,40.4702103272483,-76.4030785668919,3.29728582028,3.24700328589,2002.23133333126,2002.28161586565,3490000
394,432,0.8161129451,40.4702103272483,-76.4030785668919,40.0835787017601,-77.3367808032524,4.11339876538,3.29728582028,2002.28161586565,2003.09772881075,3490000
394,395,0.965491612300001,40.4702103272483,-76.4030785668919,40.8391293682419,-75.3152914276482,4.26277743258,3.29728582028,2002.28161586565,2003.24710747795,3490000
395,396,0.1666102092,40.8391293682419,-75.3152914276482,40.9796467209201,-74.5153558620759,4.42938764178,4.26277743258,2003.24710747795,2003.41371768715,3490000
395,431,8.621391586,40.8391293682419,-75.3152914276482,39.8927039561884,-77.2816333022156,12.88416901858,4.26277743258,2003.24710747795,2011.86849906395,3490000
396,123,6.798182312,40.9796467209201,-74.5153558620759,31.7398,-101.5322,11.22756995378,4.42938764178,2003.41371768715,2010.21189999915,3490000
396,397,0.565112494800001,40.9796467209201,-74.5153558620759,40.2859251329356,-76.472028900132,4.99450013658,4.42938764178,2003.41371768715,2003.97883018195,3490000
397,399,0.243274788699999,40.2859251329356,-76.472028900132,41.0923104474166,-76.6959662477961,5.23777492528,4.99450013658,2003.97883018195,2004.22210497065,3490000
397,398,1.210536701,40.2859251329356,-76.472028900132,40.4657004665064,-74.9547223778639,6.20503683758,4.99450013658,2003.97883018195,2005.18936688295,3490000
398,88,6.704733117,40.4657004665064,-74.9547223778639,33.6643,-79.8637,12.90976995458,6.20503683758,2005.18936688295,2011.89409999995,3490000
398,89,4.615433117,40.4657004665064,-74.9547223778639,39.9002,-76.6374,10.82046995458,6.20503683758,2005.18936688295,2009.80479999995,3490000
399,426,1.145948276,41.0923104474166,-76.6959662477961,40.3995411485577,-79.8941109386205,6.38372320128,5.23777492528,2004.22210497065,2005.36805324665,3490000
399,400,0.9846280566,41.0923104474166,-76.6959662477961,40.7841813931516,-76.1828900172327,6.22240298188,5.23777492528,2004.22210497065,2005.20673302725,3490000
400,402,1.081231804,40.7841813931516,-76.1828900172327,42.2234467931555,-80.0501053090332,7.30363478588,6.22240298188,2005.20673302725,2006.28796483125,3490000
400,401,0.110273407300001,40.7841813931516,-76.1828900172327,41.3032435175345,-76.4054709236207,6.33267638918,6.22240298188,2005.20673302725,2005.31700643455,3490000
401,90,7.538693565,41.3032435175345,-76.4054709236207,41.695,-75.3326,13.87136995418,6.33267638918,2005.31700643455,2012.85569999955,3490000
401,91,3.609993565,41.3032435175345,-76.4054709236207,39.8829,-76.4586,9.94266995418,6.33267638918,2005.31700643455,2008.92699999955,3490000
402,422,1.382826748,42.2234467931555,-80.0501053090332,42.3746034552976,-80.3095700152552,8.68646153388,7.30363478588,2006.28796483125,2007.67079157925,3490000
402,403,2.802863344,42.2234467931555,-80.0501053090332,42.1783567040834,-80.6537434969478,10.10649812988,7.30363478588,2006.28796483125,2009.09082817525,3490000
403,404,1.142550527,42.1783567040834,-80.6537434969478,42.1991999967346,-80.6047251077033,11.24904865688,10.10649812988,2009.09082817525,2010.23337870225,3490000
403,408,1.933844166,42.1783567040834,-80.6537434969478,40.9145508941855,-78.8059288420472,12.04034229588,10.10649812988,2009.09082817525,2011.02467234125,3490000
404,405,1.248168958,42.1991999967346,-80.6047251077033,42.8811561433146,-83.8195110193378,12.49721761488,11.24904865688,2010.23337870225,2011.48154766025,3490000
404,92,3.576921297,42.1991999967346,-80.6047251077033,43.3275,-84.1351,14.82596995388,11.24904865688,2010.23337870225,2013.81029999925,3490000
405,96,1.494752339,42.8811561433146,-83.8195110193378,43.1453,-84.5134,13.99196995388,12.49721761488,2011.48154766025,2012.97629999925,3490000
405,406,0.5910230394,42.8811561433146,-83.8195110193378,42.8391149072892,-83.7534592771774,13.08824065428,12.49721761488,2011.48154766025,2012.07257069965,3490000
406,93,3.6407293,42.8391149072892,-83.7534592771774,40.996,-83.5602,16.72896995428,13.08824065428,2012.07257069965,2015.71329999965,3490000
406,407,1.255691865,42.8391149072892,-83.7534592771774,39.2224910327184,-90.2456514980207,14.34393251928,13.08824065428,2012.07257069965,2013.32826256465,3490000
407,95,0.574937434800001,39.2224910327184,-90.2456514980207,39.2101,-89.5755,14.91886995408,14.34393251928,2013.32826256465,2013.90319999945,3490000
407,94,0.5257374348,39.2224910327184,-90.2456514980207,39.4622,-90.3143,14.86966995408,14.34393251928,2013.32826256465,2013.85399999945,3490000
408,409,0.0692043917900005,40.9145508941855,-78.8059288420472,40.7943482341708,-78.6279530228562,12.10954668767,12.04034229588,2011.02467234125,2011.09387673304,3490000
408,415,0.0210797053499991,40.9145508941855,-78.8059288420472,40.9519057093074,-78.7006167300175,12.06142200123,12.04034229588,2011.02467234125,2011.0457520466,3490000
409,410,0.0252491891699993,40.7943482341708,-78.6279530228562,39.7655332160233,-77.6242663411463,12.13479587684,12.10954668767,2011.09387673304,2011.11912592221,3490000
409,411,0.0590677444400001,40.7943482341708,-78.6279530228562,41.407324914715,-78.5403784254507,12.16861443211,12.10954668767,2011.09387673304,2011.15294447748,3490000
410,97,2.773074078,39.7655332160233,-77.6242663411463,40.126,-78.2925,14.90786995484,12.13479587684,2011.11912592221,2013.89220000021,3490000
410,98,3.728374078,39.7655332160233,-77.6242663411463,37.8931,-77.72,15.86316995484,12.13479587684,2011.11912592221,2014.84750000021,3490000
411,412,0.874481360300001,41.407324914715,-78.5403784254507,42.3392803734285,-76.2785386042572,13.04309579241,12.16861443211,2011.15294447748,2012.02742583778,3490000
411,414,0.315710961100001,41.407324914715,-78.5403784254507,41.7090683652793,-79.8083540346219,12.48432539321,12.16861443211,2011.15294447748,2011.46865543858,3490000
412,413,0.2308838158,42.3392803734285,-76.2785386042572,42.1188855576811,-74.6718496422289,13.27397960821,13.04309579241,2012.02742583778,2012.25830965358,3490000
412,99,2.894074162,42.3392803734285,-76.2785386042572,39.4125,-78.2804,15.93716995441,13.04309579241,2012.02742583778,2014.92149999978,3490000
413,101,3.400190346,42.1188855576811,-74.6718496422289,42.3702,-74.009,16.67416995421,13.27397960821,2012.25830965358,2015.65849999958,3490000
413,100,2.682390346,42.1188855576811,-74.6718496422289,42.3181,-76.7859,15.95636995421,13.27397960821,2012.25830965358,2014.94069999958,3490000
414,103,4.411744561,41.7090683652793,-79.8083540346219,41.6146,-79.2949,16.89606995421,12.48432539321,2011.46865543858,2015.88039999958,3490000
414,102,3.302144561,41.7090683652793,-79.8083540346219,41.5361,-76.7867,15.78646995421,12.48432539321,2011.46865543858,2014.77079999958,3490000
415,416,0.1565816483,40.9519057093074,-78.7006167300175,41.8153188430003,-77.2771348653466,12.21800364953,12.06142200123,2011.0457520466,2011.2023336949,3490000
415,111,2.764547953,40.9519057093074,-78.7006167300175,33.2985,-87.7649,14.82596995423,12.06142200123,2011.0457520466,2013.8102999996,3490000
416,417,0.815595866000001,41.8153188430003,-77.2771348653466,42.1969840353685,-77.2902107584806,13.03359951553,12.21800364953,2011.2023336949,2012.0179295609,3490000
416,419,0.951785512800001,41.8153188430003,-77.2771348653466,45.9318329236069,-88.5999711480382,13.16978916233,12.21800364953,2011.2023336949,2012.1541192077,3490000
417,104,3.919970439,42.1969840353685,-77.2902107584806,39.89,-78.9404,16.95356995453,13.03359951553,2012.0179295609,2015.9378999999,3490000
417,418,0.3631103156,42.1969840353685,-77.2902107584806,41.2811724061458,-77.3699387492972,13.39670983113,13.03359951553,2012.0179295609,2012.3810398765,3490000
418,106,1.431960123,41.2811724061458,-77.3699387492972,41.6884,-78.891,14.82866995413,13.39670983113,2012.3810398765,2013.8129999995,3490000
418,105,2.447260123,41.2811724061458,-77.3699387492972,41.649,-77.2294,15.84396995413,13.39670983113,2012.3810398765,2014.8282999995,3490000
419,110,1.560480792,45.9318329236069,-88.5999711480382,46.5238,-90.3576,14.73026995433,13.16978916233,2012.1541192077,2013.7145999997,3490000
419,420,0.1615767006,45.9318329236069,-88.5999711480382,45.87802375969,-88.7223604106063,13.33136586293,13.16978916233,2012.1541192077,2012.3156959083,3490000
420,421,0.9320905127,45.87802375969,-88.7223604106063,45.68881460839,-89.8928348544113,14.26345637563,13.33136586293,2012.3156959083,2013.247786421,3490000
420,107,1.398904091,45.87802375969,-88.7223604106063,46.4486,-90.8,14.73026995393,13.33136586293,2012.3156959083,2013.7145999993,3490000
421,109,0.5871135787,45.68881460839,-89.8928348544113,46.423,-90.8143,14.85056995433,14.26345637563,2013.247786421,2013.8348999997,3490000
421,108,3.399713579,45.68881460839,-89.8928348544113,44.3393,-92.629,17.66316995463,14.26345637563,2013.247786421,2016.6475,3490000
422,425,2.905211315,42.3746034552976,-80.3095700152552,36.1596458418954,-80.332146525034,11.59167284888,8.68646153388,2007.67079157925,2010.57600289425,3490000
422,423,2.520388139,42.3746034552976,-80.3095700152552,42.1094250286653,-79.7279440411454,11.20684967288,8.68646153388,2007.67079157925,2010.19117971825,3490000
423,424,1.133282388,42.1094250286653,-79.7279440411454,42.0473241795851,-79.6235407699148,12.34013206088,11.20684967288,2010.19117971825,2011.32446210625,3490000
423,114,5.730320281,42.1094250286653,-79.7279440411454,42.2739,-78.7232,16.93716995388,11.20684967288,2010.19117971825,2015.92149999925,3490000
424,113,2.513137893,42.0473241795851,-79.6235407699148,42.4533,-78.4558,14.85326995388,12.34013206088,2011.32446210625,2013.83759999925,3490000
424,112,2.543137893,42.0473241795851,-79.6235407699148,42.1184,-78.2264,14.88326995388,12.34013206088,2011.32446210625,2013.86759999925,3490000
425,116,3.275197105,36.1596458418954,-80.332146525034,37.2111,-83.9665,14.86686995388,11.59167284888,2010.57600289425,2013.85119999925,3490000
425,115,1.334497105,36.1596458418954,-80.332146525034,30.3413,-85.2583,12.92616995388,11.59167284888,2010.57600289425,2011.91049999925,3490000
426,117,4.592446753,40.3995411485577,-79.8941109386205,48.3776,-92.8524,10.97616995428,6.38372320128,2005.36805324665,2009.96049999965,3490000
426,427,3.349545459,40.3995411485577,-79.8941109386205,41.5735329085667,-77.2232732712609,9.73326866028,6.38372320128,2005.36805324665,2008.71759870565,3490000
427,122,5.016201294,41.5735329085667,-77.2232732712609,41.6111,-76.4273,14.74946995428,9.73326866028,2008.71759870565,2013.73379999965,3490000
427,428,1.544212104,41.5735329085667,-77.2232732712609,42.6991416261482,-77.9872986805151,11.27748076428,9.73326866028,2008.71759870565,2010.26181080965,3490000
428,121,0.656889189599999,42.6991416261482,-77.9872986805151,41.6235,-79.3935,11.93436995388,11.27748076428,2010.26181080965,2010.91869999925,3490000
428,429,0.305581634599999,42.6991416261482,-77.9872986805151,42.1818037975711,-79.295058088231,11.58306239888,11.27748076428,2010.26181080965,2010.56739244425,3490000
429,430,1.687263565,42.1818037975711,-79.295058088231,41.8087860865688,-79.0286034987214,13.27032596388,11.58306239888,2010.56739244425,2012.25465600925,3490000
429,118,0.2993075549,42.1818037975711,-79.295058088231,41.8322,-78.3464,11.88236995378,11.58306239888,2010.56739244425,2010.86669999915,3490000
430,119,1.48184399,41.8087860865688,-79.0286034987214,41.9798,-79.3808,14.75216995388,13.27032596388,2012.25465600925,2013.73649999925,3490000
430,120,0.6640439899,41.8087860865688,-79.0286034987214,42.0312,-78.5147,13.93436995378,13.27032596388,2012.25465600925,2012.91869999915,3490000
431,125,1.846100935,39.8927039561884,-77.2816333022156,40.2948,-77.4578,14.73026995358,12.88416901858,2011.86849906395,2013.71459999895,3490000
431,124,2.844800935,39.8927039561884,-77.2816333022156,40.8903,-77.0211,15.72896995358,12.88416901858,2011.86849906395,2014.71329999895,3490000
432,433,1.130750351,40.0835787017601,-77.3367808032524,41.4013205198617,-78.6864402432545,5.24414911638,4.11339876538,2003.09772881075,2004.22847916175,3490000
432,126,0.7333711884,40.0835787017601,-77.3367808032524,39.9403,-76.4021,4.84676995378,4.11339876538,2003.09772881075,2003.83109999915,3490000
433,128,0.483420837799999,41.4013205198617,-78.6864402432545,43.9875,-88.2984,5.72756995418,5.24414911638,2004.22847916175,2004.71189999955,3490000
433,127,1.415120838,41.4013205198617,-78.6864402432545,35.9588,-78.4301,6.65926995438,5.24414911638,2004.22847916175,2005.64359999975,3490000
434,129,2.526220203,40.3208198516852,-77.0192808423587,32.9994,-83.7343,5.84396995409,3.31774975109,2002.30207979646,2004.82829999946,3490000
434,130,0.668720202699999,40.3208198516852,-77.0192808423587,43.9437,-75.7501,3.98646995379,3.31774975109,2002.30207979646,2002.97079999916,3490000
435,451,0.0608412421900013,40.7249039008743,-75.157729433909,40.6915752457554,-75.1843783007842,3.158492346936,3.097651104746,2002.08198115012,2002.14282239231,3490000
435,436,0.2288360879,40.7249039008743,-75.157729433909,40.7415446996591,-74.8472957011208,3.326487192646,3.097651104746,2002.08198115012,2002.31081723802,3490000
436,437,5.833643868,40.7415446996591,-74.8472957011208,41.6455030052905,-72.6018074028556,9.160131060646,3.326487192646,2002.31081723802,2008.14446110602,3490000
436,449,0.753661339500001,40.7415446996591,-74.8472957011208,40.8466267037601,-73.8977275394096,4.080148532146,3.326487192646,2002.31081723802,2003.06447857752,3490000
437,438,0.521844036199999,41.6455030052905,-72.6018074028556,41.9664216505191,-70.9661656333375,9.681975096846,9.160131060646,2008.14446110602,2008.66630514222,3490000
437,143,2.735938893,41.6455030052905,-72.6018074028556,45.2553,-67.6471,11.896069953646,9.160131060646,2008.14446110602,2010.88039999902,3490000
438,439,0.3642746893,41.9664216505191,-70.9661656333375,41.1964928437406,-71.9593412738629,10.046249786146,9.681975096846,2008.66630514222,2009.03057983152,3490000
438,441,0.0523502400600009,41.9664216505191,-70.9661656333375,41.4403020160613,-71.2089432971617,9.734325336906,9.681975096846,2008.66630514222,2008.71865538228,3490000
439,131,4.670420168,41.1964928437406,-71.9593412738629,39.1718,-76.1403,14.716669954146,10.046249786146,2009.03057983152,2013.70099999952,3490000
439,440,3.276324681,41.1964928437406,-71.9593412738629,40.6782346754515,-77.1601387122723,13.322574467146,10.046249786146,2009.03057983152,2012.30690451252,3490000
440,132,1.404995487,40.6782346754515,-77.1601387122723,40.6519,-78.2602,14.727569954146,13.322574467146,2012.30690451252,2013.71189999952,3490000
440,133,1.407695487,40.6782346754515,-77.1601387122723,37.845,-79.9593,14.730269954146,13.322574467146,2012.30690451252,2013.71459999952,3490000
441,134,0.137044616900001,41.4403020160613,-71.2089432971617,41.9215,-70.9142,9.871369953806,9.734325336906,2008.71865538228,2008.85569999918,3490000
441,442,0.0149863668099997,41.4403020160613,-71.2089432971617,41.5416139849434,-70.8856501646952,9.749311703716,9.734325336906,2008.71865538228,2008.73364174909,3490000
442,443,1.568785344,41.5416139849434,-70.8856501646952,42.7966791764993,-71.6747436178309,11.318097047716,9.749311703716,2008.73364174909,2010.30242709309,3490000
442,135,2.14675825,41.5416139849434,-70.8856501646952,42.3249,-73.2293,11.896069953716,9.749311703716,2008.73364174909,2010.88039999909,3490000
443,136,3.546072906,42.7966791764993,-71.6747436178309,43.486,-74.6616,14.864169953716,11.318097047716,2010.30242709309,2013.84849999909,3490000
443,444,1.138467744,42.7966791764993,-71.6747436178309,43.1498359954667,-74.2818378024969,12.456564791716,11.318097047716,2010.30242709309,2011.44089483709,3490000
444,142,3.310705162,43.1498359954667,-74.2818378024969,42.3847,-73.9668,15.767269953716,12.456564791716,2011.44089483709,2014.75159999909,3490000
444,445,0.2314646504,43.1498359954667,-74.2818378024969,42.9959562588958,-76.4407428634575,12.688029442116,12.456564791716,2011.44089483709,2011.67235948749,3490000
445,446,0.8460363017,42.9959562588958,-76.4407428634575,43.0509575715069,-74.4686229029002,13.534065743816,12.688029442116,2011.67235948749,2012.51839578919,3490000
445,448,0.2232938335,42.9959562588958,-76.4407428634575,42.0862637249532,-74.0153861305149,12.911323275616,12.688029442116,2011.67235948749,2011.89565332099,3490000
446,137,2.23050421,43.0509575715069,-74.4686229029002,42.4902,-74.0363,15.764569953816,13.534065743816,2012.51839578919,2014.74889999919,3490000
446,447,0.7994118865,43.0509575715069,-74.4686229029002,42.9754248574056,-73.8505168551999,14.333477630316,13.534065743816,2012.51839578919,2013.31780767569,3490000
447,139,1.663992324,42.9754248574056,-73.8505168551999,43.5513,-73.2938,15.997469954316,14.333477630316,2013.31780767569,2014.98179999969,3490000
447,138,0.4432923235,42.9754248574056,-73.8505168551999,43.0826,-74.507,14.776769953816,14.333477630316,2013.31780767569,2013.76109999919,3490000
448,140,1.920046678,42.0862637249532,-74.0153861305149,42.3048,-73.6181,14.831369953616,12.911323275616,2011.89565332099,2013.81569999899,3490000
448,141,1.767046678,42.0862637249532,-74.0153861305149,43.4509,-72.6807,14.678369953616,12.911323275616,2011.89565332099,2013.66269999899,3490000
449,146,3.815921422,40.8466267037601,-73.8977275394096,40.7109,-74.9619,7.896069954146,4.080148532146,2003.06447857752,2006.88039999952,3490000
449,450,5.649024983,40.8466267037601,-73.8977275394096,42.618929932336,-75.5143689110561,9.729173515146,4.080148532146,2003.06447857752,2008.71350356052,3490000
450,144,5.121396439,42.618929932336,-75.5143689110561,40.747,-73.992,14.850569954146,9.729173515146,2008.71350356052,2013.83489999952,3490000
450,145,2.180596439,42.618929932336,-75.5143689110561,42.5827,-74.938,11.909769954146,9.729173515146,2008.71350356052,2010.89409999952,3490000
451,452,0.1736569681,40.6915752457554,-75.1843783007842,39.3881307555218,-75.8066899846083,3.332149315036,3.158492346936,2002.14282239231,2002.31647936041,3490000
451,453,0.157407830699999,40.6915752457554,-75.1843783007842,40.689858435749,-75.2520959438082,3.315900177636,3.158492346936,2002.14282239231,2002.30023022301,3490000
452,148,1.511820639,39.3881307555218,-75.8066899846083,39.3424,-74.9167,4.843969954036,3.332149315036,2002.31647936041,2003.82829999941,3490000
452,147,0.577620638699999,39.3881307555218,-75.8066899846083,38.1256,-86.026,3.909769953736,3.332149315036,2002.31647936041,2002.89409999911,3490000
453,454,0.0230926345200011,40.689858435749,-75.2520959438082,40.3620839673271,-74.0551753414073,3.338992812156,3.315900177636,2002.30023022301,2002.32332285753,3490000
453,459,0.141382307000001,40.689858435749,-75.2520959438082,41.1507450636207,-74.4169995673255,3.457282484636,3.315900177636,2002.30023022301,2002.44161253001,3490000
454,455,0.7145362925,40.3620839673271,-74.0551753414073,37.4881555843176,-73.8573389459018,4.053529104656,3.338992812156,2002.32332285753,2003.03785915003,3490000
454,149,3.615377142,40.3620839673271,-74.0551753414073,41.5034,-74.4149,6.954369954156,3.338992812156,2002.32332285753,2005.93869999953,3490000
455,154,1.763040849,37.4881555843176,-73.8573389459018,37.6892,-78.7924,5.816569953656,4.053529104656,2003.03785915003,2004.80089999903,3490000
455,456,2.250584808,37.4881555843176,-73.8573389459018,43.4774642461409,-74.7370043846066,6.304113912656,4.053529104656,2003.03785915003,2005.28844395803,3490000
456,457,1.122399186,43.4774642461409,-74.7370043846066,42.6867372322307,-77.4117371778223,7.426513098656,6.304113912656,2005.28844395803,2006.41084314403,3490000
456,150,4.540956041,43.4774642461409,-74.7370043846066,42.8932,-74.8938,10.845069953656,6.304113912656,2005.28844395803,2009.82939999903,3490000
457,151,2.395556855,42.6867372322307,-77.4117371778223,34.5161,-88.5085,9.822069953656,7.426513098656,2006.41084314403,2008.80639999903,3490000
457,458,2.428895597,42.6867372322307,-77.4117371778223,42.8959250835851,-77.7966817016546,9.855408695656,7.426513098656,2006.41084314403,2008.83973874103,3490000
458,153,3.068061259,42.8959250835851,-77.7966817016546,42.5772,-74.1923,12.923469954656,9.855408695656,2008.83973874103,2011.90780000003,3490000
458,152,2.046161259,42.8959250835851,-77.7966817016546,42.9016,-77.6149,11.901569954656,9.855408695656,2008.83973874103,2010.88590000003,3490000
459,156,6.463487469,41.1507450636207,-74.4169995673255,40.9566,-74.2042,9.920769953636,3.457282484636,2002.44161253001,2008.90509999901,3490000
459,155,2.770287469,41.1507450636207,-74.4169995673255,34.4802,-112.6745,6.227569953636,3.457282484636,2002.44161253001,2005.21189999901,3490000
460,470,0.0499510924200006,40.4914083127416,-76.173681150973,40.7382138133251,-75.4369930608713,3.30009716716,3.25014607474,2002.23447612011,2002.28442721253,3490000
460,461,0.0217661694700002,40.4914083127416,-76.173681150973,40.1454343092158,-76.9261977817569,3.27191224421,3.25014607474,2002.23447612011,2002.25624228958,3490000
461,468,0.4961702419,40.1454343092158,-76.9261977817569,40.0981363515064,-77.6478525288608,3.76808248611,3.27191224421,2002.25624228958,2002.75241253148,3490000
461,462,3.022496742,40.1454343092158,-76.9261977817569,39.194198394172,-78.4549365042717,6.29440898621,3.27191224421,2002.25624228958,2005.27873903158,3490000
462,157,0.348460967300001,39.194198394172,-78.4549365042717,36.7767,-82.4212,6.64286995351,6.29440898621,2005.27873903158,2005.62719999888,3490000
462,463,3.786395496,39.194198394172,-78.4549365042717,41.2295853369944,-78.0331038635449,10.08080448221,6.29440898621,2005.27873903158,2009.06513452758,3490000
463,464,2.873146624,41.2295853369944,-78.0331038635449,40.6491610731524,-79.1342721219072,12.95395110621,10.08080448221,2009.06513452758,2011.93828115158,3490000
463,163,5.724865472,41.2295853369944,-78.0331038635449,40.713,-74.0938,15.80566995421,10.08080448221,2009.06513452758,2014.78999999958,3490000
464,466,0.123990582699999,40.6491610731524,-79.1342721219072,39.9466422673576,-81.9250704149709,13.07794168891,12.95395110621,2011.93828115158,2012.06227173428,3490000
464,465,0.3699841809,40.6491610731524,-79.1342721219072,39.7528623821933,-81.5107144102917,13.32393528711,12.95395110621,2011.93828115158,2012.30826533248,3490000
465,159,0.607734666700001,39.7528623821933,-81.5107144102917,39.8036,-81.7447,13.93166995381,13.32393528711,2012.30826533248,2012.91599999918,3490000
465,158,0.492634666700001,39.7528623821933,-81.5107144102917,39.7394,-81.3715,13.81656995381,13.32393528711,2012.30826533248,2012.80089999918,3490000
466,467,0.3309664338,39.9466422673576,-81.9250704149709,39.7380014140155,-83.3104052302907,13.40890812271,13.07794168891,2012.06227173428,2012.39323816808,3490000
466,160,0.8482282649,39.9466422673576,-81.9250704149709,40.1065,-83.3111,13.92616995381,13.07794168891,2012.06227173428,2012.91049999918,3490000
467,162,1.556361831,39.7380014140155,-83.3104052302907,39.7904,-81.353,14.96526995371,13.40890812271,2012.39323816808,2013.94959999908,3490000
467,161,0.462461831100001,39.7380014140155,-83.3104052302907,39.5117,-81.8689,13.87136995381,13.40890812271,2012.39323816808,2012.85569999918,3490000
468,469,0.3225503238,40.0981363515064,-77.6478525288608,40.0286942286622,-77.4228209648905,4.09063280991,3.76808248611,2002.75241253148,2003.07496285528,3490000
468,164,2.106087468,40.0981363515064,-77.6478525288608,42.6366,-72.7054,5.87416995411,3.76808248611,2002.75241253148,2004.85849999948,3490000
469,165,5.136937144,40.0286942286622,-77.4228209648905,30.7962,-97.7181,9.22756995391,4.09063280991,2003.07496285528,2008.21189999928,3490000
469,166,2.724337144,40.0286942286622,-77.4228209648905,39.4175,-79.3361,6.81496995391,4.09063280991,2003.07496285528,2005.79929999928,3490000
470,169,6.530172787,40.7382138133251,-75.4369930608713,42.0835,-73.169,9.83026995416,3.30009716716,2002.28442721253,2008.81459999953,3490000
470,471,4.009603641,40.7382138133251,-75.4369930608713,41.6628164404257,-76.5659842466192,7.30970080816,3.30009716716,2002.28442721253,2006.29403085353,3490000
471,168,5.295969146,41.6628164404257,-76.5659842466192,36.6642,-88.5395,12.60566995416,7.30970080816,2006.29403085353,2011.58999999953,3490000
471,167,1.534269146,41.6628164404257,-76.5659842466192,42.5798,-79.0546,8.84396995416,7.30970080816,2006.29403085353,2007.82829999953,3490000
472,517,0.483739715299999,41.0237094434635,-77.2499125933135,40.8614836119273,-76.5426656041426,3.01039377614,2.52665406084,2001.51098410621,2001.99472382151,3490000
472,473,0.312236542099999,41.0237094434635,-77.2499125933135,40.7839769955175,-80.0518467058787,2.83889060294,2.52665406084,2001.51098410621,2001.82322064831,3490000
473,513,0.180900818500001,40.7839769955175,-80.0518467058787,41.1525842937085,-80.8925536513308,3.01979142144,2.83889060294,2001.82322064831,2002.00412146681,3490000
473,474,0.1809616052,40.7839769955175,-80.0518467058787,40.8255786672689,-81.0482760591183,3.01985220814,2.83889060294,2001.82322064831,2002.00418225351,3490000
474,511,1.2201734,40.8255786672689,-81.0482760591183,41.1781103730742,-89.9731908876489,4.24002560814,3.01985220814,2002.00418225351,2003.22435565351,3490000
474,475,0.0212578110999999,40.8255786672689,-81.0482760591183,40.8311213291344,-81.0656074303205,3.04111001924,3.01985220814,2002.00418225351,2002.02544006461,3490000
475,476,0.1829927896,40.8311213291344,-81.0656074303205,41.3709656256078,-81.0136882103614,3.22410280884,3.04111001924,2002.02544006461,2002.20843285421,3490000
475,480,0.2670800885,40.8311213291344,-81.0656074303205,43.929144337542,-95.7036912277269,3.30819010774,3.04111001924,2002.02544006461,2002.29252015311,3490000
476,478,6.275436517,41.3709656256078,-81.0136882103614,41.7809645141549,-81.3581570924554,9.49953932584,3.22410280884,2002.20843285421,2008.48386937121,3490000
476,477,3.006979631,41.3709656256078,-81.0136882103614,40.654647425522,-81.7054908813181,6.23108243984,3.22410280884,2002.20843285421,2005.21541248521,3490000
477,170,3.563587514,40.654647425522,-81.7054908813181,38.5134,-118.4095,9.79466995384,6.23108243984,2005.21541248521,2008.77899999921,3490000
477,171,0.5702875138,40.654647425522,-81.7054908813181,38.0525,-84.7868,6.80136995364,6.23108243984,2005.21541248521,2005.78569999901,3490000
478,479,0.665510663799999,41.7809645141549,-81.3581570924554,38.4518260229561,-80.845043037899,10.16504998964,9.49953932584,2008.48386937121,2009.14938003501,3490000
478,174,4.278730628,41.7809645141549,-81.3581570924554,40.2992,-113.2919,13.77826995384,9.49953932584,2008.48386937121,2012.76259999921,3490000
479,172,1.706319964,38.4518260229561,-80.845043037899,32.2077,-90.2228,11.87136995364,10.16504998964,2009.14938003501,2010.85569999901,3490000
479,173,1.711819964,38.4518260229561,-80.845043037899,38.9736,-76.5726,11.87686995364,10.16504998964,2009.14938003501,2010.86119999901,3490000
480,206,4.582379846,43.929144337542,-95.7036912277269,45.3994,-98.0341,7.89056995374,3.30819010774,2002.29252015311,2006.87489999911,3490000
480,481,0.000964051956199086,43.929144337542,-95.7036912277269,43.9065091319676,-95.7342585239788,3.3091541596962,3.30819010774,2002.29252015311,2002.29348420507,3490000
481,482,0.0196732788400009,43.9065091319676,-95.7342585239788,44.2170874117801,-97.4254300557521,3.3288274385362,3.3091541596962,2002.29348420507,2002.31315748391,3490000
481,205,1.614315794,43.9065091319676,-95.7342585239788,45.287,-97.3407,4.9234699536962,3.3091541596962,2002.29348420507,2003.90779999907,3490000
482,507,0.0909059364299996,44.2170874117801,-97.4254300557521,43.8534037459124,-97.8294854175442,3.4197333749662,3.3288274385362,2002.31315748391,2002.40406342034,3490000
482,483,0.0127309365200006,44.2170874117801,-97.4254300557521,44.2111336056453,-97.4772232989551,3.3415583750562,3.3288274385362,2002.31315748391,2002.32588842043,3490000
483,199,2.464111579,44.2111336056453,-97.4772232989551,48.2634,-104.3364,5.8056699540562,3.3415583750562,2002.32588842043,2004.78999999943,3490000
483,484,0.0467749672399993,44.2111336056453,-97.4772232989551,44.2043720561685,-97.5092917007379,3.3883333422962,3.3415583750562,2002.32588842043,2002.37266338767,3490000
484,485,0.5785426745,44.2043720561685,-97.5092917007379,43.8233778686265,-98.1898480767249,3.9668760167962,3.3883333422962,2002.37266338767,2002.95120606217,3490000
484,175,7.153436611,44.2043720561685,-97.5092917007379,48.0199,-101.5409,10.5417699532962,3.3883333422962,2002.37266338767,2009.52609999867,3490000
485,506,0.1431529758,43.8233778686265,-98.1898480767249,44.6008363890904,-102.211212528183,4.1100289925962,3.9668760167962,2002.95120606217,2003.09435903797,3490000
485,486,0.0224700991900004,43.8233778686265,-98.1898480767249,43.6971120454271,-97.3333651126697,3.9893461159862,3.9668760167962,2002.95120606217,2002.97367616136,3490000
486,487,0.0583079461600011,43.6971120454271,-97.3333651126697,41.0673144376789,-100.961036541238,4.0476540621462,3.9893461159862,2002.97367616136,2003.03198410752,3490000
486,176,3.725923838,43.6971120454271,-97.3333651126697,47.4043,-111.2787,7.7152699539862,3.9893461159862,2002.97367616136,2006.69959999936,3490000
487,488,0.0999561011899992,41.0673144376789,-100.961036541238,44.3056273221221,-101.661137658696,4.1476101633362,4.0476540621462,2003.03198410752,2003.13194020871,3490000
487,492,0.00656160175299902,41.0673144376789,-100.961036541238,40.9930110817468,-100.833622898922,4.0542156638992,4.0476540621462,2003.03198410752,2003.03854570927,3490000
488,181,1.76765979,44.3056273221221,-101.661137658696,45.2768,-101.9198,5.9152699533362,4.1476101633362,2003.13194020871,2004.89959999871,3490000
488,489,0.0189748467800008,44.3056273221221,-101.661137658696,45.6197457920944,-103.111271487605,4.1665850101162,4.1476101633362,2003.13194020871,2003.15091505549,3490000
489,490,3.102950406,45.6197457920944,-103.111271487605,47.3038736448626,-106.421440741586,7.2695354161162,4.1665850101162,2003.15091505549,2006.25386546149,3490000
489,180,3.060984944,45.6197457920944,-103.111271487605,46.6175,-105.2972,7.2275699541162,4.1665850101162,2003.15091505549,2006.21189999949,3490000
490,491,0.0160563756599998,47.3038736448626,-106.421440741586,47.3308195358105,-106.468551349145,7.2855917917762,7.2695354161162,2006.25386546149,2006.26992183715,3490000
490,177,2.722434538,47.3038736448626,-106.421440741586,44.9881,-110.1477,9.9919699541162,7.2695354161162,2006.25386546149,2008.97629999949,3490000
491,178,5.604978162,47.3308195358105,-106.468551349145,47.8769,-105.829,12.8905699537762,7.2855917917762,2006.26992183715,2011.87489999915,3490000
491,179,2.415978162,47.3308195358105,-106.468551349145,47.6013,-103.9096,9.7015699537762,7.2855917917762,2006.26992183715,2008.68589999915,3490000
492,505,0.3585096015,40.9930110817468,-100.833622898922,40.9216463491459,-101.449770326126,4.4127252653992,4.0542156638992,2003.03854570927,2003.39705531077,3490000
492,493,0.0412429835600001,40.9930110817468,-100.833622898922,40.603695639288,-100.624248379419,4.0954586474592,4.0542156638992,2003.03854570927,2003.07978869283,3490000
493,497,0.415212625700001,40.603695639288,-100.624248379419,40.6839222934683,-100.869003418439,4.5106712731592,4.0954586474592,2003.07978869283,2003.49500131853,3490000
493,494,0.00927438528700009,40.603695639288,-100.624248379419,40.5445945775012,-100.518619867634,4.1047330327462,4.0954586474592,2003.07978869283,2003.08906307812,3490000
494,495,1.088489341,40.5445945775012,-100.518619867634,40.1520938540663,-100.083787127949,5.1932223737462,4.1047330327462,2003.08906307812,2004.17755241912,3490000
494,185,2.745836921,40.5445945775012,-100.518619867634,37.3901,-98.3819,6.8505699537462,4.1047330327462,2003.08906307812,2005.83489999912,3490000
495,184,2.70014758,40.1520938540663,-100.083787127949,48.5154,-111.1434,7.8933699537462,5.1932223737462,2004.17755241912,2006.87769999912,3490000
495,496,1.996253836,40.1520938540663,-100.083787127949,38.9352389598712,-101.620337895165,7.1894762097462,5.1932223737462,2004.17755241912,2006.17380625512,3490000
496,182,0.890193743599999,38.9352389598712,-101.620337895165,37.8507,-100.6085,8.0796699533462,7.1894762097462,2006.17380625512,2007.06399999872,3490000
496,183,3.803093744,38.9352389598712,-101.620337895165,37.842,-101.9954,10.9925699537462,7.1894762097462,2006.17380625512,2009.97689999912,3490000
497,498,2.572959602,40.6839222934683,-100.869003418439,38.2700700601357,-98.49170278058,7.0836308751592,4.5106712731592,2003.49500131853,2006.06796092053,3490000
497,501,2.813846043,40.6839222934683,-100.869003418439,43.7428139899925,-120.857565250657,7.3245173161592,4.5106712731592,2003.49500131853,2006.30884736153,3490000
498,499,0.243564026,38.2700700601357,-98.49170278058,38.2404078442036,-98.9635514005764,7.3271949011592,7.0836308751592,2006.06796092053,2006.31152494653,3490000
498,189,2.845339079,38.2700700601357,-98.49170278058,38.0977,-97.693,9.9289699541592,7.0836308751592,2006.06796092053,2008.91329999953,3490000
499,500,0.00747269419399998,38.2404078442036,-98.9635514005764,37.9601195365882,-98.6195862208233,7.3346675953532,7.3271949011592,2006.31152494653,2006.31899764072,3490000
499,188,2.259275053,38.2404078442036,-98.9635514005764,38.5242,-98.3132,9.5864699541592,7.3271949011592,2006.31152494653,2008.57079999953,3490000
500,186,3.453002359,37.9601195365882,-98.6195862208233,38.3629,-98.0415,10.7876699543532,7.3346675953532,2006.31899764072,2009.77199999972,3490000
500,187,3.379202359,37.9601195365882,-98.6195862208233,37.2344,-98.007,10.7138699543532,7.3346675953532,2006.31899764072,2009.69819999972,3490000
501,190,3.553352637,43.7428139899925,-120.857565250657,43.0823,-121.1909,10.8778699531592,7.3245173161592,2006.30884736153,2009.86219999853,3490000
501,502,2.320892973,43.7428139899925,-120.857565250657,43.7507295618414,-119.699705068506,9.6454102891592,7.3245173161592,2006.30884736153,2008.62974033453,3490000
502,503,0.00156299582899955,43.7507295618414,-119.699705068506,43.7197042107395,-119.726526359805,9.6469732849882,9.6454102891592,2008.62974033453,2008.63130333036,3490000
502,191,1.762959665,43.7507295618414,-119.699705068506,43.9449,-120.2707,11.4083699541592,9.6454102891592,2008.62974033453,2010.39269999953,3490000
503,504,0.00200637235299972,43.7197042107395,-119.726526359805,43.6984666815923,-119.725377385344,9.6489796573412,9.6469732849882,2008.63130333036,2008.63330970271,3490000
503,192,2.153196669,43.7197042107395,-119.726526359805,43.6748,-119.5941,11.8001699539882,9.6469732849882,2008.63130333036,2010.78449999936,3490000
504,193,2.225190296,43.6984666815923,-119.725377385344,42.3923,-117.8343,11.8741699533412,9.6489796573412,2008.63330970271,2010.85849999871,3490000
504,194,2.205990296,43.6984666815923,-119.725377385344,43.6501,-120.1534,11.8549699533412,9.6489796573412,2008.63330970271,2010.83929999871,3490000
505,196,0.814844688299999,40.9216463491459,-101.449770326126,46.6449,-105.4706,5.2275699536992,4.4127252653992,2003.39705531077,2004.21189999907,3490000
505,195,4.453244688,40.9216463491459,-101.449770326126,32.005,-91.1176,8.8659699533992,4.4127252653992,2003.39705531077,2007.85029999877,3490000
506,197,1.117540961,44.6008363890904,-102.211212528183,44.3922,-101.843,5.2275699535962,4.1100289925962,2003.09435903797,2004.21189999897,3490000
506,198,2.300640961,44.6008363890904,-102.211212528183,47.6049,-96.0153,6.4106699535962,4.1100289925962,2003.09435903797,2005.39499999897,3490000
507,200,2.807836579,43.8534037459124,-97.8294854175442,38.4655,-88.6855,6.2275699539662,3.4197333749662,2002.40406342034,2005.21189999934,3490000
507,508,1.571736189,43.8534037459124,-97.8294854175442,46.0011664163559,-102.286871584842,4.9914695639662,3.4197333749662,2002.40406342034,2003.97579960934,3490000
508,509,0.0564979343200012,46.0011664163559,-102.286871584842,45.7598537361883,-99.9094182562075,5.0479674982862,4.9914695639662,2003.97579960934,2004.03229754366,3490000
508,204,0.236100389900001,46.0011664163559,-102.286871584842,45.3809,-101.4698,5.2275699538662,4.9914695639662,2003.97579960934,2004.21189999924,3490000
509,510,0.0870795840199996,45.7598537361883,-99.9094182562075,45.7615689208918,-99.7779418986275,5.1350470823062,5.0479674982862,2004.03229754366,2004.11937712768,3490000
509,203,0.1796024556,45.7598537361883,-99.9094182562075,45.9908,-99.981,5.2275699538862,5.0479674982862,2004.03229754366,2004.21189999926,3490000
510,202,0.092522871569999,45.7615689208918,-99.7779418986275,45.768,-99.9618,5.2275699538762,5.1350470823062,2004.11937712768,2004.21189999925,3490000
510,201,0.092522871569999,45.7615689208918,-99.7779418986275,45.7934,-99.6715,5.2275699538762,5.1350470823062,2004.11937712768,2004.21189999925,3490000
511,512,3.820099261,41.1781103730742,-89.9731908876489,42.309709435774,-101.274121463536,8.06012486914,4.24002560814,2003.22435565351,2007.04445491451,3490000
511,207,2.987544346,41.1781103730742,-89.9731908876489,42.5895,-101.3027,7.22756995414,4.24002560814,2003.22435565351,2006.21189999951,3490000
512,209,6.757645085,42.309709435774,-101.274121463536,42.5157,-101.3395,14.81776995414,8.06012486914,2007.04445491451,2013.80209999951,3490000
512,208,4.778445085,42.309709435774,-101.274121463536,41.8533,-107.2853,12.83856995414,8.06012486914,2007.04445491451,2011.82289999951,3490000
513,515,0.320730376299998,41.1525842937085,-80.8925536513308,41.0878893871712,-81.0687606560786,3.34052179774,3.01979142144,2002.00412146681,2002.32485184311,3490000
513,514,0.322987986899999,41.1525842937085,-80.8925536513308,41.4378035213018,-82.8652758154276,3.34277940834,3.01979142144,2002.00412146681,2002.32710945371,3490000
514,210,6.523190546,41.4378035213018,-82.8652758154276,41.6475,-73.7183,9.86596995434,3.34277940834,2002.32710945371,2008.85029999971,3490000
514,211,7.573290546,41.4378035213018,-82.8652758154276,34.3388,-94.1135,10.91606995434,3.34277940834,2002.32710945371,2009.90039999971,3490000
515,214,10.57194816,41.0878893871712,-81.0687606560786,36.4085,-84.2992,13.91246995774,3.34052179774,2002.32485184311,2012.89680000311,3490000
515,516,0.699632714300002,41.0878893871712,-81.0687606560786,42.8529560317996,-85.2790131364183,4.04015451204,3.34052179774,2002.32485184311,2003.02448455741,3490000
516,213,2.810415442,42.8529560317996,-85.2790131364183,42.3026,-75.8671,6.85056995404,4.04015451204,2003.02448455741,2005.83489999941,3490000
516,212,1.781915442,42.8529560317996,-85.2790131364183,45.5804,-103.8892,5.82206995404,4.04015451204,2003.02448455741,2004.80639999941,3490000
517,518,0.0214086050700004,40.8614836119273,-76.5426656041426,40.9952816680149,-75.9053428598918,3.03180238121,3.01039377614,2001.99472382151,2002.01613242658,3490000
517,533,0.00365441653300103,40.8614836119273,-76.5426656041426,40.6105068490735,-76.9587308973687,3.014048192673,3.01039377614,2001.99472382151,2001.99837823804,3490000
518,525,0.0235417338800001,40.9952816680149,-75.9053428598918,41.1873868098766,-76.4509863141454,3.05534411509,3.03180238121,2002.01613242658,2002.03967416046,3490000
518,519,0.192000999899999,40.9952816680149,-75.9053428598918,40.9032370213571,-75.938870180075,3.22380338111,3.03180238121,2002.01613242658,2002.20813342648,3490000
519,215,2.757166573,40.9032370213571,-75.938870180075,41.6122,-76.3484,5.98096995411,3.22380338111,2002.20813342648,2004.96529999948,3490000
519,520,0.0283261416000009,40.9032370213571,-75.938870180075,41.0488509765525,-75.8823456577997,3.25212952271,3.22380338111,2002.20813342648,2002.23645956808,3490000
520,522,0.0554273140300001,41.0488509765525,-75.8823456577997,41.0813186536231,-75.7913226993624,3.30755683674,3.25212952271,2002.23645956808,2002.29188688211,3490000
520,521,0.8644331088,41.0488509765525,-75.8823456577997,40.9898193307206,-74.2673477000479,4.11656263151,3.25212952271,2002.23645956808,2003.10089267688,3490000
521,216,3.842507322,40.9898193307206,-74.2673477000479,41.1308,-73.5396,7.95906995351,4.11656263151,2003.10089267688,2006.94339999888,3490000
521,217,6.693007322,40.9898193307206,-74.2673477000479,40.9811,-73.7491,10.80956995351,4.11656263151,2003.10089267688,2009.79389999888,3490000
522,524,0.0395642426799991,41.0813186536231,-75.7913226993624,41.0945334054994,-75.8959769129175,3.34712107942,3.30755683674,2002.29188688211,2002.33145112479,3490000
522,523,1.633421074,41.0813186536231,-75.7913226993624,41.1794870621734,-74.4760902873012,4.94097791074,3.30755683674,2002.29188688211,2003.92530795611,3490000
523,219,3.286592043,41.1794870621734,-74.4760902873012,41.143,-101.1055,8.22756995374,4.94097791074,2003.92530795611,2007.21189999911,3490000
523,218,3.971492043,41.1794870621734,-74.4760902873012,41.1908,-74.2902,8.91246995374,4.94097791074,2003.92530795611,2007.89679999911,3490000
524,221,1.880448874,41.0945334054994,-75.8959769129175,35.043,-103.9044,5.22756995342,3.34712107942,2002.33145112479,2004.21189999879,3490000
524,220,4.518848874,41.0945334054994,-75.8959769129175,40.2325,-77.1925,7.86596995342,3.34712107942,2002.33145112479,2006.85029999879,3490000
525,222,4.865425839,41.1873868098766,-76.4509863141454,41.2913,-74.6631,7.92076995409,3.05534411509,2002.03967416046,2006.90509999946,3490000
525,526,0.0488649645999999,41.1873868098766,-76.4509863141454,41.9485156080302,-74.8417061609329,3.10420907969,3.05534411509,2002.03967416046,2002.08853912506,3490000
526,527,0.8385781298,41.9485156080302,-74.8417061609329,43.4806195534118,-79.9245695379712,3.94278720949,3.10420907969,2002.08853912506,2002.92711725486,3490000
526,531,1.017947861,41.9485156080302,-74.8417061609329,42.1365319539161,-74.2815969207011,4.12215694069,3.10420907969,2002.08853912506,2003.10648698606,3490000
527,529,1.070791753,43.4806195534118,-79.9245695379712,43.4118058530275,-78.0133246492384,5.01357896249,3.94278720949,2002.92711725486,2003.99790900786,3490000
527,528,2.488879841,43.4806195534118,-79.9245695379712,40.4803876054155,-74.2113262564848,6.43166705049,3.94278720949,2002.92711725486,2005.41599709586,3490000
528,223,4.795902904,40.4803876054155,-74.2113262564848,40.4546,-76.1424,11.22756995449,6.43166705049,2005.41599709586,2010.21189999986,3490000
528,224,8.533602904,40.4803876054155,-74.2113262564848,41.1358,-75.5977,14.96526995449,6.43166705049,2005.41599709586,2013.94959999986,3490000
529,227,7.838690992,43.4118058530275,-78.0133246492384,42.0862,-118.9645,12.85226995449,5.01357896249,2003.99790900786,2011.83659999986,3490000
529,530,6.354197378,43.4118058530275,-78.0133246492384,40.0579618303281,-79.5701735645082,11.36777634049,5.01357896249,2003.99790900786,2010.35210638586,3490000
530,225,2.402293614,40.0579618303281,-79.5701735645082,34.9721,-80.851,13.77006995449,11.36777634049,2010.35210638586,2012.75439999986,3490000
530,226,3.422593614,40.0579618303281,-79.5701735645082,40.4581,-75.5949,14.79036995449,11.36777634049,2010.35210638586,2013.77469999986,3490000
531,532,0.012143641679998,42.1365319539161,-74.2815969207011,42.250182799076,-74.662061188136,4.13430058237,4.12215694069,2003.10648698606,2003.11863062774,3490000
531,228,1.752013013,42.1365319539161,-74.2815969207011,42.2187,-75.0684,5.87416995369,4.12215694069,2003.10648698606,2004.85849999906,3490000
532,230,5.690569371,42.250182799076,-74.662061188136,42.0219,-75.1013,9.82486995337,4.13430058237,2003.11863062774,2008.80919999874,3490000
532,229,1.723369371,42.250182799076,-74.662061188136,42.4258,-75.3802,5.85766995337,4.13430058237,2003.11863062774,2004.84199999874,3490000
533,534,0.0837159285600002,40.6105068490735,-76.9587308973687,40.7560706044011,-75.9718152012852,3.097764121233,3.014048192673,2001.99837823804,2002.0820941666,3490000
533,231,1.871021761,40.6105068490735,-76.9587308973687,43.0813,-71.9252,4.885069953673,3.014048192673,2001.99837823804,2003.86939999904,3490000
534,546,0.017149902489999,40.7560706044011,-75.9718152012852,40.765303313313,-75.3358971483932,3.114914023723,3.097764121233,2002.0820941666,2002.09924406909,3490000
534,535,0.00165091594100097,40.7560706044011,-75.9718152012852,40.8270137735755,-76.0595062640724,3.099415037174,3.097764121233,2002.0820941666,2002.08374508254,3490000
535,536,0.0809845196099985,40.8270137735755,-76.0595062640724,40.8558124121263,-76.0868452650127,3.180399556784,3.099415037174,2002.08374508254,2002.16472960215,3490000
535,544,0.153118793099999,40.8270137735755,-76.0595062640724,41.0226202280119,-75.2039352453882,3.252533830274,3.099415037174,2002.08374508254,2002.23686387564,3490000
536,537,0.0562400875400009,40.8558124121263,-76.0868452650127,41.1249600394805,-75.6318692200549,3.236639644324,3.180399556784,2002.16472960215,2002.22096968969,3490000
536,541,0.0766475903400003,40.8558124121263,-76.0868452650127,40.7887910148005,-76.2314400607949,3.257047147124,3.180399556784,2002.16472960215,2002.24137719249,3490000
537,540,0.8179862807,41.1249600394805,-75.6318692200549,40.7350815572349,-76.441317299647,4.054625925024,3.236639644324,2002.22096968969,2003.03895597039,3490000
537,538,0.8821423818,41.1249600394805,-75.6318692200549,40.0049335397578,-75.4760913057605,4.118782026124,3.236639644324,2002.22096968969,2003.10311207149,3490000
538,539,0.0521484659000002,40.0049335397578,-75.4760913057605,39.0575053105397,-79.059773841825,4.170930492024,4.118782026124,2003.10311207149,2003.15526053739,3490000
538,234,1.848487928,40.0049335397578,-75.4760913057605,39.8261,-76.8474,5.967269954124,4.118782026124,2003.10311207149,2004.95159999949,3490000
539,232,0.744339461699999,39.0575053105397,-79.059773841825,38.4547,-78.3026,4.915269953724,4.170930492024,2003.15526053739,2003.89959999909,3490000
539,233,1.056639462,39.0575053105397,-79.059773841825,40.3773,-106.1594,5.227569954024,4.170930492024,2003.15526053739,2004.21189999939,3490000
540,236,0.871544028699999,40.7350815572349,-76.441317299647,43.2497,-76.39,4.926169953724,4.054625925024,2003.03895597039,2003.91049999909,3490000
540,235,7.879744029,40.7350815572349,-76.441317299647,42.0218,-72.5034,11.934369954024,4.054625925024,2003.03895597039,2010.91869999939,3490000
541,542,0.0677147400799996,40.7887910148005,-76.2314400607949,40.9582768227825,-74.905896771551,3.324761887204,3.257047147124,2002.24137719249,2002.30909193257,3490000
541,237,4.729422807,40.7887910148005,-76.2314400607949,41.6217,-75.3684,7.986469954124,3.257047147124,2002.24137719249,2006.97079999949,3490000
542,240,0.9028080665,40.9582768227825,-74.905896771551,44.0827,-72.5472,4.227569953704,3.324761887204,2002.30909193257,2003.21189999907,3490000
542,543,2.734055891,40.9582768227825,-74.905896771551,40.9919552858641,-84.0999056910822,6.058817778204,3.324761887204,2002.30909193257,2005.04314782357,3490000
543,239,6.141352176,40.9919552858641,-84.0999056910822,36.2232,-78.6173,12.200169954204,6.058817778204,2005.04314782357,2011.18449999957,3490000
543,238,2.809852176,40.9919552858641,-84.0999056910822,41.9621,-86.378,8.868669954204,6.058817778204,2005.04314782357,2007.85299999957,3490000
544,545,0.1318692763,41.0226202280119,-75.2039352453882,41.8480383165229,-75.2492669225572,3.384403106574,3.252533830274,2002.23686387564,2002.36873315194,3490000
544,241,8.662736123,41.0226202280119,-75.2039352453882,39.7269,-75.4367,11.915269953274,3.252533830274,2002.23686387564,2010.89959999864,3490000
545,243,2.585666847,41.8480383165229,-75.2492669225572,42.4931,-75.8906,5.970069953574,3.384403106574,2002.36873315194,2004.95439999894,3490000
545,242,2.437666847,41.8480383165229,-75.2492669225572,41.1501,-84.2702,5.822069953574,3.384403106574,2002.36873315194,2004.80639999894,3490000
546,547,0.0420018237300006,40.765303313313,-75.3358971483932,40.822334255215,-75.3783325014712,3.156915847453,3.114914023723,2002.09924406909,2002.14124589282,3490000
546,559,1.026381009,40.765303313313,-75.3358971483932,41.3330000799997,-74.9331153749195,4.141295032723,3.114914023723,2002.09924406909,2003.12562507809,3490000
547,548,0.0180258174999999,40.822334255215,-75.3783325014712,40.9409558945981,-75.2046776143544,3.174941664953,3.156915847453,2002.14124589282,2002.15927171032,3490000
547,551,0.0480618682999996,40.822334255215,-75.3783325014712,40.7656539586056,-74.9091150924614,3.204977715753,3.156915847453,2002.14124589282,2002.18930776112,3490000
548,244,2.680028289,40.9409558945981,-75.2046776143544,41.8267,-71.2641,5.854969953953,3.174941664953,2002.15927171032,2004.83929999932,3490000
548,549,0.121296729000001,40.9409558945981,-75.2046776143544,40.4600212534613,-76.0442866653591,3.296238393953,3.174941664953,2002.15927171032,2002.28056843932,3490000
549,247,3.39303156,40.4600212534613,-76.0442866653591,40.321,-75.3664,6.689269953953,3.296238393953,2002.28056843932,2005.67359999932,3490000
549,550,0.0962639975100004,40.4600212534613,-76.0442866653591,40.2236099750462,-75.2774099820072,3.392502391463,3.296238393953,2002.28056843932,2002.37683243683,3490000
550,246,1.835067562,40.2236099750462,-75.2774099820072,31.8113,-108.6537,5.227569953463,3.392502391463,2002.37683243683,2004.21189999883,3490000
550,245,2.443267562,40.2236099750462,-75.2774099820072,41.1025,-73.7526,5.835769953463,3.392502391463,2002.37683243683,2004.82009999883,3490000
551,552,0.0530132244400008,40.7656539586056,-74.9091150924614,41.2358336304957,-75.0496372792509,3.257990940193,3.204977715753,2002.18930776112,2002.24232098556,3490000
551,556,0.0436915268100009,40.7656539586056,-74.9091150924614,40.6634383090211,-74.528219414809,3.248669242563,3.204977715753,2002.18930776112,2002.23299928793,3490000
552,553,0.0614927317199996,41.2358336304957,-75.0496372792509,41.2300505674375,-75.8563697817982,3.319483671913,3.257990940193,2002.24232098556,2002.30381371728,3490000
552,555,0.0372732676999998,41.2358336304957,-75.0496372792509,41.3271275370573,-74.9465497922922,3.295264207893,3.257990940193,2002.24232098556,2002.27959425326,3490000
553,248,3.432686282,41.2300505674375,-75.8563697817982,41.5177,-74.3292,6.752169953913,3.319483671913,2002.30381371728,2005.73649999928,3490000
553,554,0.9072873646,41.2300505674375,-75.8563697817982,42.5920000020612,-75.2797837769012,4.226771036513,3.319483671913,2002.30381371728,2003.21110108188,3490000
554,250,0.636398917200001,42.5920000020612,-75.2797837769012,42.0091,-76.1379,4.863169953713,4.226771036513,2003.21110108188,2003.84749999908,3490000
554,249,1.674798917,42.5920000020612,-75.2797837769012,41.5504,-73.3374,5.901569953513,4.226771036513,2003.21110108188,2004.88589999888,3490000
555,252,5.548705746,41.3271275370573,-74.9465497922922,41.3026,-75.5323,8.843969953893,3.295264207893,2002.27959425326,2007.82829999926,3490000
555,251,1.578905746,41.3271275370573,-74.9465497922922,41.67,-73.4672,4.874169953893,3.295264207893,2002.27959425326,2003.85849999926,3490000
556,558,0.00544573244999924,40.6634383090211,-74.528219414809,40.7599030086041,-74.5985347900583,3.254114975013,3.248669242563,2002.23299928793,2002.23844502038,3490000
556,557,1.714721792,40.6634383090211,-74.528219414809,39.6290215807071,-77.7466997736452,4.963391034563,3.248669242563,2002.23299928793,2003.94772107993,3490000
557,253,5.86527892,39.6290215807071,-77.7466997736452,39.6177,-85.6622,10.828669954563,4.963391034563,2003.94772107993,2009.81299999993,3490000
557,254,4.26417892,39.6290215807071,-77.7466997736452,45.1885,-116.7788,9.227569954563,4.963391034563,2003.94772107993,2008.21189999993,3490000
558,256,5.537854979,40.7599030086041,-74.5985347900583,40.7878,-74.2882,8.791969954013,3.254114975013,2002.23844502038,2007.77629999938,3490000
558,255,0.973454978700001,40.7599030086041,-74.5985347900583,38.3876,-87.0027,4.227569953713,3.254114975013,2002.23844502038,2003.21189999908,3490000
559,257,1.086274921,41.3330000799997,-74.9331153749195,45.8433,-104.6629,5.227569953723,4.141295032723,2003.12562507809,2004.21189999909,3490000
559,258,1.086274921,41.3330000799997,-74.9331153749195,45.4787,-104.851,5.227569953723,4.141295032723,2003.12562507809,2004.21189999909,3490000
560,576,0.7493118276,41.5668374920675,-77.7246226840576,41.5965767785438,-76.6966398726335,3.13367162377,2.38435979617,2001.36868984154,2002.11800166914,3490000
560,561,0.255095582200001,41.5668374920675,-77.7246226840576,32.1500352827892,-100.201139677498,2.63945537837,2.38435979617,2001.36868984154,2001.62378542374,3490000
561,562,0.670326591299998,32.1500352827892,-100.201139677498,31.1486109505088,-102.485588935299,3.30978196967,2.63945537837,2001.62378542374,2002.29411201504,3490000
561,274,9.193614575,32.1500352827892,-100.201139677498,44.3709,-70.3367,11.83306995337,2.63945537837,2001.62378542374,2010.81739999874,3490000
562,563,0.410301718200001,31.1486109505088,-102.485588935299,31.1548791214098,-102.329827475294,3.72008368787,3.30978196967,2002.29411201504,2002.70441373324,3490000
562,273,0.917787984100002,31.1486109505088,-102.485588935299,27.136,-98.1408,4.22756995377,3.30978196967,2002.29411201504,2003.21189999914,3490000
563,564,0.195040916,31.1548791214098,-102.329827475294,31.7092620241061,-102.606366858097,3.91512460387,3.72008368787,2002.70441373324,2002.89945464924,3490000
563,572,0.4018856636,31.1548791214098,-102.329827475294,31.0514430066644,-103.232515032582,4.12196935147,3.72008368787,2002.70441373324,2003.10629939684,3490000
564,565,0.8693474551,31.7092620241061,-102.606366858097,31.9790787258242,-102.492873479678,4.78447205897,3.91512460387,2002.89945464924,2003.76880210434,3490000
564,568,0.0974035297599993,31.7092620241061,-102.606366858097,31.5787523120314,-102.205545400718,4.01252813363,3.91512460387,2002.89945464924,2002.996858179,3490000
565,262,1.073197895,31.9790787258242,-102.492873479678,32.556,-105.2507,5.85766995397,4.78447205897,2003.76880210434,2004.84199999934,3490000
565,566,0.0860239320699989,31.9790787258242,-102.492873479678,32.3678127698245,-103.411979518392,4.87049599104,4.78447205897,2003.76880210434,2003.85482603641,3490000
566,259,0.357073962800001,32.3678127698245,-103.411979518392,31.9099,-103.5072,5.22756995384,4.87049599104,2003.85482603641,2004.21189999921,3490000
566,567,1.458347165,32.3678127698245,-103.411979518392,32.6003098127347,-104.735438160529,6.32884315604,4.87049599104,2003.85482603641,2005.31317320141,3490000
567,261,1.432926797,32.6003098127347,-104.735438160529,35.1151,-117.8786,7.76176995304,6.32884315604,2005.31317320141,2006.74609999841,3490000
567,260,0.4370267973,32.6003098127347,-104.735438160529,32.5631,-105.7281,6.76586995334,6.32884315604,2005.31317320141,2005.75019999871,3490000
568,263,2.58934182,31.5787523120314,-102.205545400718,29.3758,-103.6087,6.60186995363,4.01252813363,2002.996858179,2005.586199999,3490000
568,569,0.9520810201,31.5787523120314,-102.205545400718,30.8800405756521,-101.955640794156,4.96460915373,4.01252813363,2002.996858179,2003.9489391991,3490000
569,264,2.8300608,30.8800405756521,-101.955640794156,30.4164,-101.2698,7.79466995373,4.96460915373,2003.9489391991,2006.7789999991,3490000
569,570,1.149692221,30.8800405756521,-101.955640794156,31.9321214724624,-102.595813646053,6.11430137473,4.96460915373,2003.9489391991,2005.0986314201,3490000
570,571,0.132061755800001,31.9321214724624,-102.595813646053,31.8880227712806,-102.228868185851,6.24636313053,6.11430137473,2005.0986314201,2005.2306931759,3490000
570,265,0.6733685795,31.9321214724624,-102.595813646053,29.3298,-103.8754,6.78766995423,6.11430137473,2005.0986314201,2005.7719999996,3490000
571,266,4.713406824,31.8880227712806,-102.228868185851,32.7836,-111.8635,10.95976995453,6.24636313053,2005.2306931759,2009.9440999999,3490000
571,267,0.626006823699999,31.8880227712806,-102.228868185851,30.545,-104.0247,6.87236995423,6.24636313053,2005.2306931759,2005.8566999996,3490000
572,573,0.0507789492300006,31.0514430066644,-103.232515032582,30.9482285112782,-103.119028106385,4.1727483007,4.12196935147,2003.10629939684,2003.15707834607,3490000
572,272,1.105600602,31.0514430066644,-103.232515032582,29.4011,-103.4956,5.22756995347,4.12196935147,2003.10629939684,2004.21189999884,3490000
573,268,2.237921653,30.9482285112782,-103.119028106385,29.1921,-103.4991,6.4106699537,4.1727483007,2003.15707834607,2005.39499999907,3490000
573,574,0.712711807799998,30.9482285112782,-103.119028106385,31.1710820363212,-102.529362650812,4.8854601085,4.1727483007,2003.15707834607,2003.86979015387,3490000
574,575,0.056935075560002,31.1710820363212,-102.529362650812,31.1806803233235,-102.468919512661,4.94239518406,4.8854601085,2003.86979015387,2003.92672522943,3490000
574,271,4.906509845,31.1710820363212,-102.529362650812,33.4411,-104.6056,9.7919699535,4.8854601085,2003.86979015387,2008.77629999887,3490000
575,269,0.285174769799999,31.1806803233235,-102.468919512661,30.7832,-102.8362,5.22756995386,4.94239518406,2003.92672522943,2004.21189999923,3490000
575,270,6.46597477,31.1806803233235,-102.468919512661,30.9675,-102.8521,11.40836995406,4.94239518406,2003.92672522943,2010.39269999943,3490000
576,579,0.2636519277,41.5965767785438,-76.6966398726335,41.4904042419002,-74.822426460746,3.39732355147,3.13367162377,2002.11800166914,2002.38165359684,3490000
576,577,0.112928271600001,41.5965767785438,-76.6966398726335,41.4184237559259,-75.9620733160604,3.24659989537,3.13367162377,2002.11800166914,2002.23092994074,3490000
577,277,4.679570058,41.4184237559259,-75.9620733160604,41.5121,-74.69,7.92616995337,3.24659989537,2002.23092994074,2006.91049999874,3490000
577,578,0.8700374553,41.4184237559259,-75.9620733160604,41.4941827015895,-75.7139289209973,4.11663735067,3.24659989537,2002.23092994074,2003.10096739604,3490000
578,275,4.713632603,41.4941827015895,-75.7139289209973,41.398,-74.5914,8.83026995367,4.11663735067,2003.10096739604,2007.81459999904,3490000
578,276,3.193132603,41.4941827015895,-75.7139289209973,41.1217,-73.6456,7.30976995367,4.11663735067,2003.10096739604,2006.29409999904,3490000
579,278,2.457646402,41.4904042419002,-74.822426460746,40.9882,-74.7939,5.85496995347,3.39732355147,2002.38165359684,2004.83929999884,3490000
579,580,0.569511377000001,41.4904042419002,-74.822426460746,40.7434426367199,-74.2050920021996,3.96683492847,3.39732355147,2002.38165359684,2002.95116497384,3490000
580,280,0.893635025399998,40.7434426367199,-74.2050920021996,40.8279,-74.3846,4.86046995387,3.96683492847,2002.95116497384,2003.84479999924,3490000
580,279,1.989535025,40.7434426367199,-74.2050920021996,40.8009,-74.3539,5.95636995347,3.96683492847,2002.95116497384,2004.94069999884,3490000
581,281,1.175770525,40.8589120056613,-74.6611277257551,40.8393,-73.8759,1.22756995422,0.0517994292200008,1999.03612947459,2000.21189999959,3490000
581,582,0.0588784011999976,40.8589120056613,-74.6611277257551,41.0671070603193,-74.7795375215169,0.110677830419998,0.0517994292200008,1999.03612947459,1999.09500787579,3490000
582,583,0.177770253600002,41.0671070603193,-74.7795375215169,40.9861317721783,-75.0520462505349,0.288448084020001,0.110677830419998,1999.09500787579,1999.27277812939,3490000
582,282,2.641492124,41.0671070603193,-74.7795375215169,40.712,-74.2701,2.75216995442,0.110677830419998,1999.09500787579,2001.73649999979,3490000
583,596,1.119712307,40.9861317721783,-75.0520462505349,41.0710515007367,-75.247922230947,1.40816039102,0.288448084020001,1999.27277812939,2000.39249043639,3490000
583,584,0.162829636799998,40.9861317721783,-75.0520462505349,41.7065637384143,-73.5366267221823,0.451277720819999,0.288448084020001,1999.27277812939,1999.43560776619,3490000
584,585,1.033334074,41.7065637384143,-73.5366267221823,41.4714540420179,-72.9742023067893,1.48461179482,0.451277720819999,1999.43560776619,2000.46894184019,3490000
584,593,0.0244186267600028,41.7065637384143,-73.5366267221823,41.2938448897273,-74.386031250574,0.475696347580001,0.451277720819999,1999.43560776619,1999.46002639295,3490000
585,291,1.456058159,41.4714540420179,-72.9742023067893,41.0666,-73.9043,2.94066995382,1.48461179482,2000.46894184019,2001.92499999919,3490000
585,586,0.1096904662,41.4714540420179,-72.9742023067893,41.6561151323678,-76.0128268374682,1.59430226102,1.48461179482,2000.46894184019,2000.57863230639,3490000
586,587,1.851536318,41.6561151323678,-76.0128268374682,41.5382221611125,-75.4896958858943,3.44583857902,1.59430226102,2000.57863230639,2002.43016862439,3490000
586,588,0.5758944325,41.6561151323678,-76.0128268374682,42.7354354589916,-77.6308758525456,2.17019669352,1.59430226102,2000.57863230639,2001.15452673889,3490000
587,283,0.4201313751,41.5382221611125,-75.4896958858943,41.1307,-73.5211,3.86596995412,3.44583857902,2002.43016862439,2002.85029999949,3490000
587,284,1.326931375,41.5382221611125,-75.4896958858943,39.7957,-75.6389,4.77276995402,3.44583857902,2002.43016862439,2003.75709999939,3490000
588,290,1.701173261,42.7354354589916,-77.6308758525456,40.3007,-77.4829,3.87136995452,2.17019669352,2001.15452673889,2002.85569999989,3490000
588,589,0.476353139899999,42.7354354589916,-77.6308758525456,43.1717004194826,-79.4250359825036,2.64654983342,2.17019669352,2001.15452673889,2001.63087987879,3490000
589,590,0.6229991476,43.1717004194826,-79.4250359825036,42.2517742414551,-78.5670443758424,3.26954898102,2.64654983342,2001.63087987879,2002.25387902639,3490000
589,591,0.5532915397,43.1717004194826,-79.4250359825036,42.6540553628825,-78.4981130580514,3.19984137312,2.64654983342,2001.63087987879,2002.18417141849,3490000
590,285,1.632020973,42.2517742414551,-78.5670443758424,41.9929,-76.8708,4.90156995402,3.26954898102,2002.25387902639,2003.88589999939,3490000
590,286,2.607320973,42.2517742414551,-78.5670443758424,41.0402,-75.1263,5.87686995402,3.26954898102,2002.25387902639,2004.86119999939,3490000
591,289,0.874328581,42.6540553628825,-78.4981130580514,42.773,-77.366,4.07416995412,3.19984137312,2002.18417141849,2003.05849999949,3490000
591,592,0.0311048770499998,42.6540553628825,-78.4981130580514,42.6199725250972,-78.388982853197,3.23094625017,3.19984137312,2002.18417141849,2002.21527629554,3490000
592,287,1.692523704,42.6199725250972,-78.388982853197,42.6308,-78.7295,4.92346995417,3.23094625017,2002.21527629554,2003.90779999954,3490000
592,288,1.610323704,42.6199725250972,-78.388982853197,42.584,-78.7458,4.84126995417,3.23094625017,2002.21527629554,2003.82559999954,3490000
593,594,0.792383903399998,41.2938448897273,-74.386031250574,40.0150458181404,-73.5509895877592,1.26808025098,0.475696347580001,1999.46002639295,2000.25241029635,3490000
593,292,3.455973607,41.2938448897273,-74.386031250574,41.175,-74.6567,3.93166995458,0.475696347580001,1999.46002639295,2002.91599999995,3490000
594,595,1.79848132,40.0150458181404,-73.5509895877592,40.0990128464319,-74.9240532092115,3.06656157098,1.26808025098,2000.25241029635,2002.05089161635,3490000
594,293,0.701989703200001,40.0150458181404,-73.5509895877592,40.4418,-74.2672,1.97006995418,1.26808025098,2000.25241029635,2000.95439999955,3490000
595,295,0.917208383400002,40.0990128464319,-74.9240532092115,40.5963,-74.8358,3.98376995438,3.06656157098,2002.05089161635,2002.96809999975,3490000
595,294,0.758308383400001,40.0990128464319,-74.9240532092115,40.2151,-74.2674,3.82486995438,3.06656157098,2002.05089161635,2002.80919999975,3490000
596,597,0.140979010500001,41.0710515007367,-75.247922230947,41.0517438749702,-74.9917541078664,1.54913940152,1.40816039102,2000.39249043639,2000.53346944689,3490000
596,296,3.422109563,41.0710515007367,-75.247922230947,40.9129,-74.9999,4.83026995402,1.40816039102,2000.39249043639,2003.81459999939,3490000
597,598,1.083577419,41.0517438749702,-74.9917541078664,40.8837847472176,-74.2498255708667,2.63271682052,1.54913940152,2000.53346944689,2001.61704686589,3490000
597,297,0.382530552499999,41.0517438749702,-74.9917541078664,40.7856,-74.0268,1.93166995402,1.54913940152,2000.53346944689,2000.91599999939,3490000
598,298,0.261553133700001,40.8837847472176,-74.2498255708667,40.9667,-74.4323,2.89426995422,2.63271682052,2001.61704686589,2001.87859999959,3490000
598,599,0.657638032900001,40.8837847472176,-74.2498255708667,40.6571829369173,-74.2455035778778,3.29035485342,2.63271682052,2001.61704686589,2002.27468489879,3490000
599,300,2.567315101,40.6571829369173,-74.2455035778778,40.2185,-75.1703,5.85766995442,3.29035485342,2002.27468489879,2004.84199999979,3490000
599,299,0.6358151008,40.6571829369173,-74.2455035778778,40.9443,-73.9449,3.92616995422,3.29035485342,2002.27468489879,2002.91049999959,3490000
